04-18 16:15 INFO     cuda
04-18 16:15 INFO     Command Line Arguments: 
{
    "epochs": 5,
    "comm_round": 300,
    "sample_fraction": 1.0,
    "alpha": 0.01,
    "dataset": "ham10000",
    "datadir": "../data/",
    "partition": "iid",
    "alg": "sflv1",
    "model": "resnet-18",
    "split_layer": 1,
    "n_parties": 100,
    "lr": 0.001,
    "mu": 1,
    "std_coeff": 2.5,
    "unif_coeff": 0.5,
    "batch_size": 64,
    "load_first_net": 1,
    "pool_option": "FIFO",
    "model_buffer_size": 1,
    "optimizer": "adam",
    "simp_width": 1,
    "out_dim": 256,
    "reg": 0.0005,
    "temperature": 0.5,
    "logdir": "./",
    "log_file_name": "logs/experiment_log-alg=sflv1_partition=iid_lr=0.001_epochs=5_num_users=100_beta=0.01_batch_size=64_opt=adam_dataset=ham10000_2024-04-18-1615-25",
    "seed": 1,
    "device": "cuda:2",
    "accuracies_file": "logs/resnet18_ham.csv",
    "dont_skip": false,
    "n_train_workers": 1,
    "n_test_workers": 1,
    "arch": "mobilenet_v3_large",
    "multiprocessing": 0
}
04-18 16:16 INFO     Data statistics: {0: {0: 55, 1: 9, 2: 11, 3: 4, 4: 2}, 1: {0: 53, 1: 12, 2: 6, 3: 5, 4: 4, 6: 1}, 2: {0: 56, 1: 8, 2: 10, 3: 2, 4: 2, 5: 1, 6: 2}, 3: {0: 54, 1: 5, 2: 13, 3: 3, 4: 4, 5: 1, 6: 1}, 4: {0: 50, 1: 13, 2: 7, 3: 6, 4: 3, 5: 1, 6: 1}, 5: {0: 60, 1: 6, 2: 8, 3: 4, 4: 2, 6: 1}, 6: {0: 59, 1: 6, 2: 5, 3: 8, 4: 2, 6: 1}, 7: {0: 60, 1: 5, 2: 10, 3: 4, 4: 2}, 8: {0: 60, 1: 8, 2: 6, 3: 5, 4: 2}, 9: {0: 46, 1: 15, 2: 7, 3: 6, 4: 4, 5: 1, 6: 2}, 10: {0: 53, 1: 11, 2: 7, 3: 3, 4: 7}, 11: {0: 54, 1: 9, 2: 11, 3: 3, 4: 1, 5: 3}, 12: {0: 61, 1: 7, 2: 10, 3: 1, 5: 1}, 13: {0: 50, 1: 11, 2: 11, 3: 3, 4: 2, 5: 2, 6: 1}, 14: {0: 54, 1: 8, 2: 9, 3: 5, 5: 3, 6: 1}, 15: {0: 47, 1: 12, 2: 10, 3: 3, 4: 4, 5: 2, 6: 2}, 16: {0: 56, 1: 7, 2: 8, 3: 5, 4: 1, 5: 1, 6: 2}, 17: {0: 52, 1: 12, 2: 10, 3: 3, 4: 1, 5: 2}, 18: {0: 55, 1: 7, 2: 11, 3: 4, 4: 1, 5: 1, 6: 1}, 19: {0: 57, 1: 6, 2: 9, 3: 1, 4: 2, 5: 3, 6: 2}, 20: {0: 44, 1: 12, 2: 12, 3: 6, 4: 2, 5: 2, 6: 2}, 21: {0: 52, 1: 7, 2: 11, 3: 4, 4: 3, 5: 3}, 22: {0: 54, 1: 6, 2: 9, 3: 5, 4: 2, 5: 1, 6: 3}, 23: {0: 60, 1: 4, 2: 4, 3: 8, 4: 2, 6: 2}, 24: {0: 53, 1: 14, 2: 7, 3: 2, 4: 2, 6: 2}, 25: {0: 56, 1: 7, 2: 10, 3: 4, 4: 3}, 26: {0: 57, 1: 8, 2: 6, 3: 6, 4: 3}, 27: {0: 60, 1: 3, 2: 9, 3: 3, 4: 3, 5: 2}, 28: {0: 55, 1: 9, 2: 7, 3: 2, 4: 5, 5: 2}, 29: {0: 58, 1: 9, 2: 8, 3: 3, 4: 2}, 30: {0: 47, 1: 17, 2: 5, 3: 3, 4: 4, 5: 1, 6: 3}, 31: {0: 52, 1: 11, 2: 9, 3: 6, 5: 1, 6: 1}, 32: {0: 60, 1: 6, 2: 10, 3: 1, 4: 2, 5: 1}, 33: {0: 44, 1: 12, 2: 14, 3: 5, 4: 3, 5: 2}, 34: {0: 51, 1: 9, 2: 15, 3: 3, 4: 1, 5: 1}, 35: {0: 56, 1: 9, 2: 7, 3: 1, 4: 3, 5: 3, 6: 1}, 36: {0: 58, 1: 11, 2: 6, 3: 3, 4: 2}, 37: {0: 56, 1: 13, 2: 6, 3: 2, 4: 1, 6: 2}, 38: {0: 56, 1: 9, 2: 7, 3: 3, 4: 5}, 39: {0: 54, 1: 10, 2: 6, 3: 4, 4: 3, 5: 1, 6: 2}, 40: {0: 54, 1: 2, 2: 15, 3: 3, 4: 4, 5: 1, 6: 1}, 41: {0: 49, 1: 10, 2: 11, 3: 4, 4: 2, 5: 2, 6: 2}, 42: {0: 60, 1: 4, 2: 8, 3: 4, 4: 3, 5: 1}, 43: {0: 58, 1: 6, 2: 8, 3: 4, 4: 1, 5: 2, 6: 1}, 44: {0: 52, 1: 8, 2: 13, 3: 3, 4: 2, 5: 2}, 45: {0: 50, 1: 12, 2: 8, 3: 6, 4: 2, 5: 2}, 46: {0: 53, 1: 9, 2: 8, 3: 5, 4: 3, 5: 1, 6: 1}, 47: {0: 60, 1: 6, 2: 10, 3: 3, 4: 1}, 48: {0: 57, 1: 13, 2: 4, 3: 2, 4: 2, 5: 1, 6: 1}, 49: {0: 53, 1: 8, 2: 10, 3: 4, 4: 3, 6: 2}, 50: {0: 54, 1: 9, 2: 7, 3: 3, 4: 5, 5: 2}, 51: {0: 54, 1: 6, 2: 8, 3: 6, 4: 3, 5: 2, 6: 1}, 52: {0: 51, 1: 10, 2: 12, 3: 5, 4: 1, 5: 1}, 53: {0: 53, 1: 12, 2: 6, 3: 2, 4: 3, 5: 3, 6: 1}, 54: {0: 49, 1: 13, 2: 8, 3: 3, 4: 3, 5: 3, 6: 1}, 55: {0: 55, 1: 7, 2: 10, 3: 5, 4: 2, 6: 1}, 56: {0: 59, 1: 7, 2: 8, 3: 3, 4: 3}, 57: {0: 59, 1: 6, 2: 4, 3: 6, 4: 2, 5: 1, 6: 2}, 58: {0: 52, 1: 9, 2: 11, 3: 4, 4: 1, 5: 1, 6: 2}, 59: {0: 51, 1: 14, 2: 7, 3: 6, 4: 1, 5: 1}, 60: {0: 54, 1: 7, 2: 8, 3: 4, 4: 4, 5: 2, 6: 1}, 61: {0: 52, 1: 12, 2: 8, 3: 7, 4: 1}, 62: {0: 54, 1: 8, 2: 11, 3: 5, 4: 1, 5: 1}, 63: {0: 47, 1: 9, 2: 12, 3: 7, 4: 1, 5: 3, 6: 1}, 64: {0: 50, 1: 12, 2: 9, 3: 5, 4: 2, 6: 2}, 65: {0: 53, 1: 6, 2: 9, 3: 7, 4: 2, 5: 1, 6: 2}, 66: {0: 57, 1: 8, 2: 9, 3: 3, 4: 2, 5: 1}, 67: {0: 53, 1: 4, 2: 10, 3: 6, 4: 2, 5: 3, 6: 2}, 68: {0: 55, 1: 6, 2: 9, 3: 6, 4: 4}, 69: {0: 56, 1: 10, 2: 11, 3: 2, 6: 1}, 70: {0: 51, 1: 12, 2: 8, 3: 5, 4: 4}, 71: {0: 51, 1: 13, 2: 5, 3: 6, 4: 2, 5: 3}, 72: {0: 54, 1: 11, 2: 5, 3: 3, 4: 4, 5: 2, 6: 1}, 73: {0: 55, 1: 3, 2: 10, 3: 5, 4: 5, 5: 1, 6: 1}, 74: {0: 50, 1: 11, 2: 8, 3: 3, 4: 6, 5: 1, 6: 1}, 75: {0: 53, 1: 8, 2: 6, 3: 4, 4: 4, 5: 5}, 76: {0: 49, 1: 13, 2: 15, 3: 1, 4: 1, 6: 1}, 77: {0: 49, 1: 14, 2: 9, 3: 5, 4: 1, 5: 2}, 78: {0: 55, 1: 9, 2: 10, 3: 4, 4: 1, 5: 1}, 79: {0: 57, 1: 6, 2: 7, 3: 3, 4: 3, 5: 2, 6: 2}, 80: {0: 52, 1: 5, 2: 5, 3: 7, 4: 7, 5: 3, 6: 1}, 81: {0: 43, 1: 8, 2: 13, 3: 8, 4: 5, 5: 1, 6: 2}, 82: {0: 49, 1: 10, 2: 6, 3: 11, 4: 4}, 83: {0: 51, 1: 7, 2: 9, 3: 4, 4: 4, 5: 3, 6: 2}, 84: {0: 55, 1: 6, 2: 9, 3: 4, 4: 3, 5: 2, 6: 1}, 85: {0: 45, 1: 13, 2: 11, 3: 6, 4: 2, 5: 1, 6: 2}, 86: {0: 57, 1: 10, 2: 9, 3: 1, 4: 2, 6: 1}, 87: {0: 54, 1: 9, 2: 6, 3: 7, 4: 3, 5: 1}, 88: {0: 54, 1: 8, 2: 6, 3: 9, 4: 3}, 89: {0: 59, 1: 6, 2: 6, 3: 5, 4: 3, 5: 1}, 90: {0: 51, 1: 9, 2: 14, 3: 4, 4: 1, 6: 1}, 91: {0: 57, 1: 7, 2: 6, 3: 5, 4: 3, 5: 1, 6: 1}, 92: {0: 49, 1: 14, 2: 9, 3: 4, 4: 3, 5: 1}, 93: {0: 57, 1: 9, 2: 7, 3: 3, 4: 1, 5: 1, 6: 2}, 94: {0: 47, 1: 13, 2: 10, 3: 3, 4: 4, 5: 3}, 95: {0: 54, 1: 6, 2: 12, 4: 3, 5: 2, 6: 3}, 96: {0: 57, 1: 6, 2: 9, 3: 5, 4: 2, 5: 1}, 97: {0: 52, 1: 8, 2: 10, 3: 4, 4: 3, 5: 1, 6: 2}, 98: {0: 54, 1: 8, 2: 8, 3: 4, 4: 4, 6: 2}, 99: {0: 57, 1: 9, 2: 4, 3: 3, 4: 4, 5: 3}}
04-18 16:16 INFO     in comm round:0
04-18 16:16 INFO     Training network 0 n_training: 81
04-18 16:16 INFO     Training network 0
04-18 16:16 INFO     Client: 0 Epoch: 0 Loss: 2.500039577484131
04-18 16:16 INFO     Client: 0 Epoch: 1 Loss: 2.2755215167999268
04-18 16:16 INFO     Client: 0 Epoch: 2 Loss: 2.7564918994903564
04-18 16:16 INFO     Client: 0 Epoch: 3 Loss: 1.0868479013442993
04-18 16:16 INFO     Client: 0 Epoch: 4 Loss: 0.9836317896842957
04-18 16:16 INFO      ** Client: 0 Training complete **
04-18 16:16 INFO     Training network 1 n_training: 81
04-18 16:16 INFO     Training network 1
04-18 16:16 INFO     Client: 1 Epoch: 0 Loss: 2.4665188789367676
04-18 16:16 INFO     Client: 1 Epoch: 1 Loss: 2.1850998401641846
04-18 16:16 INFO     Client: 1 Epoch: 2 Loss: 2.9367055892944336
04-18 16:16 INFO     Client: 1 Epoch: 3 Loss: 1.914730429649353
04-18 16:16 INFO     Client: 1 Epoch: 4 Loss: 1.2628155946731567
04-18 16:16 INFO      ** Client: 1 Training complete **
04-18 16:16 INFO     Training network 2 n_training: 81
04-18 16:16 INFO     Training network 2
04-18 16:16 INFO     Client: 2 Epoch: 0 Loss: 2.507232904434204
04-18 16:16 INFO     Client: 2 Epoch: 1 Loss: 1.189441204071045
04-18 16:16 INFO     Client: 2 Epoch: 2 Loss: 1.7048403024673462
04-18 16:16 INFO     Client: 2 Epoch: 3 Loss: 1.457718014717102
04-18 16:16 INFO     Client: 2 Epoch: 4 Loss: 1.3185235261917114
04-18 16:16 INFO      ** Client: 2 Training complete **
04-18 16:16 INFO     Training network 3 n_training: 81
04-18 16:16 INFO     Training network 3
04-18 16:16 INFO     Client: 3 Epoch: 0 Loss: 2.5089657306671143
04-18 16:16 INFO     Client: 3 Epoch: 1 Loss: 2.0735206604003906
04-18 16:16 INFO     Client: 3 Epoch: 2 Loss: 2.7801272869110107
04-18 16:16 INFO     Client: 3 Epoch: 3 Loss: 2.107394218444824
04-18 16:16 INFO     Client: 3 Epoch: 4 Loss: 1.2165393829345703
04-18 16:16 INFO      ** Client: 3 Training complete **
04-18 16:16 INFO     Training network 4 n_training: 81
04-18 16:16 INFO     Training network 4
04-18 16:16 INFO     Client: 4 Epoch: 0 Loss: 2.444556951522827
04-18 16:16 INFO     Client: 4 Epoch: 1 Loss: 2.0399622917175293
04-18 16:16 INFO     Client: 4 Epoch: 2 Loss: 4.064230918884277
04-18 16:16 INFO     Client: 4 Epoch: 3 Loss: 2.1038200855255127
04-18 16:16 INFO     Client: 4 Epoch: 4 Loss: 1.3476746082305908
04-18 16:16 INFO      ** Client: 4 Training complete **
04-18 16:16 INFO     Training network 5 n_training: 81
04-18 16:16 INFO     Training network 5
04-18 16:16 INFO     Client: 5 Epoch: 0 Loss: 2.4513728618621826
04-18 16:16 INFO     Client: 5 Epoch: 1 Loss: 2.187777042388916
04-18 16:16 INFO     Client: 5 Epoch: 2 Loss: 2.511303424835205
04-18 16:16 INFO     Client: 5 Epoch: 3 Loss: 1.52916419506073
04-18 16:16 INFO     Client: 5 Epoch: 4 Loss: 0.9814733266830444
04-18 16:16 INFO      ** Client: 5 Training complete **
04-18 16:16 INFO     Training network 6 n_training: 81
04-18 16:16 INFO     Training network 6
04-18 16:16 INFO     Client: 6 Epoch: 0 Loss: 2.4654715061187744
04-18 16:16 INFO     Client: 6 Epoch: 1 Loss: 1.8491630554199219
04-18 16:16 INFO     Client: 6 Epoch: 2 Loss: 2.371666431427002
04-18 16:16 INFO     Client: 6 Epoch: 3 Loss: 1.9183270931243896
04-18 16:16 INFO     Client: 6 Epoch: 4 Loss: 0.9873335361480713
04-18 16:16 INFO      ** Client: 6 Training complete **
04-18 16:16 INFO     Training network 7 n_training: 81
04-18 16:16 INFO     Training network 7
04-18 16:16 INFO     Client: 7 Epoch: 0 Loss: 2.511949062347412
04-18 16:16 INFO     Client: 7 Epoch: 1 Loss: 2.0973384380340576
04-18 16:16 INFO     Client: 7 Epoch: 2 Loss: 1.431930661201477
04-18 16:16 INFO     Client: 7 Epoch: 3 Loss: 1.2060881853103638
04-18 16:16 INFO     Client: 7 Epoch: 4 Loss: 0.8145607709884644
04-18 16:16 INFO      ** Client: 7 Training complete **
04-18 16:16 INFO     Training network 8 n_training: 81
04-18 16:16 INFO     Training network 8
04-18 16:16 INFO     Client: 8 Epoch: 0 Loss: 2.4796009063720703
04-18 16:16 INFO     Client: 8 Epoch: 1 Loss: 2.193509578704834
04-18 16:16 INFO     Client: 8 Epoch: 2 Loss: 1.674428939819336
04-18 16:16 INFO     Client: 8 Epoch: 3 Loss: 1.2577736377716064
04-18 16:16 INFO     Client: 8 Epoch: 4 Loss: 0.8416250348091125
04-18 16:16 INFO      ** Client: 8 Training complete **
04-18 16:16 INFO     Training network 9 n_training: 81
04-18 16:16 INFO     Training network 9
04-18 16:16 INFO     Client: 9 Epoch: 0 Loss: 2.428934335708618
04-18 16:16 INFO     Client: 9 Epoch: 1 Loss: 3.1785573959350586
04-18 16:16 INFO     Client: 9 Epoch: 2 Loss: 2.063159704208374
04-18 16:16 INFO     Client: 9 Epoch: 3 Loss: 2.494096279144287
04-18 16:16 INFO     Client: 9 Epoch: 4 Loss: 1.0764356851577759
04-18 16:16 INFO      ** Client: 9 Training complete **
04-18 16:16 INFO     Training network 10 n_training: 81
04-18 16:16 INFO     Training network 10
04-18 16:16 INFO     Client: 10 Epoch: 0 Loss: 2.447803258895874
04-18 16:16 INFO     Client: 10 Epoch: 1 Loss: 2.0227158069610596
04-18 16:16 INFO     Client: 10 Epoch: 2 Loss: 2.782703399658203
04-18 16:16 INFO     Client: 10 Epoch: 3 Loss: 1.4021230936050415
04-18 16:16 INFO     Client: 10 Epoch: 4 Loss: 1.0304301977157593
04-18 16:16 INFO      ** Client: 10 Training complete **
04-18 16:16 INFO     Training network 11 n_training: 81
04-18 16:16 INFO     Training network 11
04-18 16:16 INFO     Client: 11 Epoch: 0 Loss: 2.4248669147491455
04-18 16:16 INFO     Client: 11 Epoch: 1 Loss: 2.6193294525146484
04-18 16:16 INFO     Client: 11 Epoch: 2 Loss: 2.14188551902771
04-18 16:16 INFO     Client: 11 Epoch: 3 Loss: 1.3825697898864746
04-18 16:16 INFO     Client: 11 Epoch: 4 Loss: 1.0325647592544556
04-18 16:16 INFO      ** Client: 11 Training complete **
04-18 16:16 INFO     Training network 12 n_training: 80
04-18 16:16 INFO     Training network 12
04-18 16:16 INFO     Client: 12 Epoch: 0 Loss: 2.542789936065674
04-18 16:16 INFO     Client: 12 Epoch: 1 Loss: 2.4145641326904297
04-18 16:16 INFO     Client: 12 Epoch: 2 Loss: 2.0026817321777344
04-18 16:16 INFO     Client: 12 Epoch: 3 Loss: 1.320874810218811
04-18 16:16 INFO     Client: 12 Epoch: 4 Loss: 0.9667922854423523
04-18 16:16 INFO      ** Client: 12 Training complete **
04-18 16:16 INFO     Training network 13 n_training: 80
04-18 16:16 INFO     Training network 13
04-18 16:16 INFO     Client: 13 Epoch: 0 Loss: 2.433659076690674
04-18 16:16 INFO     Client: 13 Epoch: 1 Loss: 2.53727650642395
04-18 16:16 INFO     Client: 13 Epoch: 2 Loss: 2.565824508666992
04-18 16:16 INFO     Client: 13 Epoch: 3 Loss: 1.417240023612976
04-18 16:16 INFO     Client: 13 Epoch: 4 Loss: 1.2365305423736572
04-18 16:16 INFO      ** Client: 13 Training complete **
04-18 16:16 INFO     Training network 14 n_training: 80
04-18 16:16 INFO     Training network 14
04-18 16:16 INFO     Client: 14 Epoch: 0 Loss: 2.445056676864624
04-18 16:16 INFO     Client: 14 Epoch: 1 Loss: 2.2116904258728027
04-18 16:16 INFO     Client: 14 Epoch: 2 Loss: 2.4989984035491943
04-18 16:16 INFO     Client: 14 Epoch: 3 Loss: 1.3326908349990845
04-18 16:16 INFO     Client: 14 Epoch: 4 Loss: 1.469535231590271
04-18 16:16 INFO      ** Client: 14 Training complete **
04-18 16:16 INFO     Training network 15 n_training: 80
04-18 16:16 INFO     Training network 15
04-18 16:16 INFO     Client: 15 Epoch: 0 Loss: 2.436289072036743
04-18 16:16 INFO     Client: 15 Epoch: 1 Loss: 2.185797691345215
04-18 16:16 INFO     Client: 15 Epoch: 2 Loss: 2.0809266567230225
04-18 16:16 INFO     Client: 15 Epoch: 3 Loss: 2.5946760177612305
04-18 16:16 INFO     Client: 15 Epoch: 4 Loss: 1.660520315170288
04-18 16:16 INFO      ** Client: 15 Training complete **
04-18 16:16 INFO     Training network 16 n_training: 80
04-18 16:16 INFO     Training network 16
04-18 16:16 INFO     Client: 16 Epoch: 0 Loss: 2.4367470741271973
04-18 16:16 INFO     Client: 16 Epoch: 1 Loss: 2.1531991958618164
04-18 16:16 INFO     Client: 16 Epoch: 2 Loss: 1.5646408796310425
04-18 16:16 INFO     Client: 16 Epoch: 3 Loss: 1.2802278995513916
04-18 16:16 INFO     Client: 16 Epoch: 4 Loss: 0.8914010524749756
04-18 16:16 INFO      ** Client: 16 Training complete **
04-18 16:16 INFO     Training network 17 n_training: 80
04-18 16:16 INFO     Training network 17
04-18 16:16 INFO     Client: 17 Epoch: 0 Loss: 2.460084915161133
04-18 16:16 INFO     Client: 17 Epoch: 1 Loss: 1.8910315036773682
04-18 16:16 INFO     Client: 17 Epoch: 2 Loss: 2.0626962184906006
04-18 16:16 INFO     Client: 17 Epoch: 3 Loss: 1.7177250385284424
04-18 16:16 INFO     Client: 17 Epoch: 4 Loss: 1.303625464439392
04-18 16:16 INFO      ** Client: 17 Training complete **
04-18 16:16 INFO     Training network 18 n_training: 80
04-18 16:16 INFO     Training network 18
04-18 16:16 INFO     Client: 18 Epoch: 0 Loss: 2.4698333740234375
04-18 16:16 INFO     Client: 18 Epoch: 1 Loss: 1.7497328519821167
04-18 16:16 INFO     Client: 18 Epoch: 2 Loss: 2.1616055965423584
04-18 16:16 INFO     Client: 18 Epoch: 3 Loss: 1.2032605409622192
04-18 16:16 INFO     Client: 18 Epoch: 4 Loss: 1.0181913375854492
04-18 16:16 INFO      ** Client: 18 Training complete **
04-18 16:16 INFO     Training network 19 n_training: 80
04-18 16:16 INFO     Training network 19
04-18 16:16 INFO     Client: 19 Epoch: 0 Loss: 2.480670213699341
04-18 16:16 INFO     Client: 19 Epoch: 1 Loss: 2.2279415130615234
04-18 16:16 INFO     Client: 19 Epoch: 2 Loss: 2.3881595134735107
04-18 16:16 INFO     Client: 19 Epoch: 3 Loss: 1.215286374092102
04-18 16:16 INFO     Client: 19 Epoch: 4 Loss: 1.0395333766937256
04-18 16:16 INFO      ** Client: 19 Training complete **
04-18 16:16 INFO     Training network 20 n_training: 80
04-18 16:16 INFO     Training network 20
04-18 16:16 INFO     Client: 20 Epoch: 0 Loss: 2.4146223068237305
04-18 16:16 INFO     Client: 20 Epoch: 1 Loss: 2.243434429168701
04-18 16:16 INFO     Client: 20 Epoch: 2 Loss: 2.8989477157592773
04-18 16:16 INFO     Client: 20 Epoch: 3 Loss: 1.8342163562774658
04-18 16:16 INFO     Client: 20 Epoch: 4 Loss: 1.0723806619644165
04-18 16:16 INFO      ** Client: 20 Training complete **
04-18 16:16 INFO     Training network 21 n_training: 80
04-18 16:16 INFO     Training network 21
04-18 16:16 INFO     Client: 21 Epoch: 0 Loss: 2.3653500080108643
04-18 16:16 INFO     Client: 21 Epoch: 1 Loss: 2.0945982933044434
04-18 16:16 INFO     Client: 21 Epoch: 2 Loss: 1.7102898359298706
04-18 16:16 INFO     Client: 21 Epoch: 3 Loss: 1.3593165874481201
04-18 16:16 INFO     Client: 21 Epoch: 4 Loss: 1.0463775396347046
04-18 16:16 INFO      ** Client: 21 Training complete **
04-18 16:16 INFO     Training network 22 n_training: 80
04-18 16:16 INFO     Training network 22
04-18 16:16 INFO     Client: 22 Epoch: 0 Loss: 2.4201087951660156
04-18 16:16 INFO     Client: 22 Epoch: 1 Loss: 2.1573619842529297
04-18 16:16 INFO     Client: 22 Epoch: 2 Loss: 2.0961759090423584
04-18 16:16 INFO     Client: 22 Epoch: 3 Loss: 1.8720340728759766
04-18 16:16 INFO     Client: 22 Epoch: 4 Loss: 0.9601422548294067
04-18 16:16 INFO      ** Client: 22 Training complete **
04-18 16:16 INFO     Training network 23 n_training: 80
04-18 16:16 INFO     Training network 23
04-18 16:16 INFO     Client: 23 Epoch: 0 Loss: 2.463737964630127
04-18 16:16 INFO     Client: 23 Epoch: 1 Loss: 2.0673747062683105
04-18 16:16 INFO     Client: 23 Epoch: 2 Loss: 1.1950907707214355
04-18 16:16 INFO     Client: 23 Epoch: 3 Loss: 1.400238037109375
04-18 16:16 INFO     Client: 23 Epoch: 4 Loss: 1.0291311740875244
04-18 16:16 INFO      ** Client: 23 Training complete **
04-18 16:16 INFO     Training network 24 n_training: 80
04-18 16:16 INFO     Training network 24
04-18 16:16 INFO     Client: 24 Epoch: 0 Loss: 2.556018352508545
04-18 16:16 INFO     Client: 24 Epoch: 1 Loss: 1.846115231513977
04-18 16:16 INFO     Client: 24 Epoch: 2 Loss: 1.1561719179153442
04-18 16:16 INFO     Client: 24 Epoch: 3 Loss: 1.4882320165634155
04-18 16:16 INFO     Client: 24 Epoch: 4 Loss: 1.049863576889038
04-18 16:16 INFO      ** Client: 24 Training complete **
04-18 16:16 INFO     Training network 25 n_training: 80
04-18 16:16 INFO     Training network 25
04-18 16:16 INFO     Client: 25 Epoch: 0 Loss: 2.441347122192383
04-18 16:16 INFO     Client: 25 Epoch: 1 Loss: 2.313706398010254
04-18 16:16 INFO     Client: 25 Epoch: 2 Loss: 2.094496726989746
04-18 16:16 INFO     Client: 25 Epoch: 3 Loss: 2.069732427597046
04-18 16:16 INFO     Client: 25 Epoch: 4 Loss: 1.101278305053711
04-18 16:16 INFO      ** Client: 25 Training complete **
04-18 16:16 INFO     Training network 26 n_training: 80
04-18 16:16 INFO     Training network 26
04-18 16:16 INFO     Client: 26 Epoch: 0 Loss: 2.4624369144439697
04-18 16:16 INFO     Client: 26 Epoch: 1 Loss: 1.8279316425323486
04-18 16:16 INFO     Client: 26 Epoch: 2 Loss: 2.456841468811035
04-18 16:16 INFO     Client: 26 Epoch: 3 Loss: 1.2136913537979126
04-18 16:16 INFO     Client: 26 Epoch: 4 Loss: 0.9498594999313354
04-18 16:16 INFO      ** Client: 26 Training complete **
04-18 16:16 INFO     Training network 27 n_training: 80
04-18 16:16 INFO     Training network 27
04-18 16:16 INFO     Client: 27 Epoch: 0 Loss: 2.4710729122161865
04-18 16:16 INFO     Client: 27 Epoch: 1 Loss: 2.357851266860962
04-18 16:16 INFO     Client: 27 Epoch: 2 Loss: 2.2071049213409424
04-18 16:16 INFO     Client: 27 Epoch: 3 Loss: 0.9341033101081848
04-18 16:16 INFO     Client: 27 Epoch: 4 Loss: 0.9968717098236084
04-18 16:16 INFO      ** Client: 27 Training complete **
04-18 16:16 INFO     Training network 28 n_training: 80
04-18 16:16 INFO     Training network 28
04-18 16:16 INFO     Client: 28 Epoch: 0 Loss: 2.4635207653045654
04-18 16:16 INFO     Client: 28 Epoch: 1 Loss: 2.0754005908966064
04-18 16:16 INFO     Client: 28 Epoch: 2 Loss: 1.4444372653961182
04-18 16:16 INFO     Client: 28 Epoch: 3 Loss: 1.1342394351959229
04-18 16:16 INFO     Client: 28 Epoch: 4 Loss: 1.3319553136825562
04-18 16:16 INFO      ** Client: 28 Training complete **
04-18 16:16 INFO     Training network 29 n_training: 80
04-18 16:16 INFO     Training network 29
04-18 16:16 INFO     Client: 29 Epoch: 0 Loss: 2.4756808280944824
04-18 16:16 INFO     Client: 29 Epoch: 1 Loss: 1.7964004278182983
04-18 16:16 INFO     Client: 29 Epoch: 2 Loss: 2.1311051845550537
04-18 16:16 INFO     Client: 29 Epoch: 3 Loss: 1.517270565032959
04-18 16:16 INFO     Client: 29 Epoch: 4 Loss: 0.8654792308807373
04-18 16:16 INFO      ** Client: 29 Training complete **
04-18 16:16 INFO     Training network 30 n_training: 80
04-18 16:16 INFO     Training network 30
04-18 16:16 INFO     Client: 30 Epoch: 0 Loss: 2.478881359100342
04-18 16:16 INFO     Client: 30 Epoch: 1 Loss: 2.697526216506958
04-18 16:16 INFO     Client: 30 Epoch: 2 Loss: 2.7722527980804443
04-18 16:16 INFO     Client: 30 Epoch: 3 Loss: 1.3257046937942505
04-18 16:16 INFO     Client: 30 Epoch: 4 Loss: 1.0327973365783691
04-18 16:16 INFO      ** Client: 30 Training complete **
04-18 16:16 INFO     Training network 31 n_training: 80
04-18 16:16 INFO     Training network 31
04-18 16:16 INFO     Client: 31 Epoch: 0 Loss: 2.4447851181030273
04-18 16:16 INFO     Client: 31 Epoch: 1 Loss: 2.077000379562378
04-18 16:16 INFO     Client: 31 Epoch: 2 Loss: 1.8133878707885742
04-18 16:17 INFO     Client: 31 Epoch: 3 Loss: 1.4494956731796265
04-18 16:17 INFO     Client: 31 Epoch: 4 Loss: 1.1155627965927124
04-18 16:17 INFO      ** Client: 31 Training complete **
04-18 16:17 INFO     Training network 32 n_training: 80
04-18 16:17 INFO     Training network 32
04-18 16:17 INFO     Client: 32 Epoch: 0 Loss: 2.513589859008789
04-18 16:17 INFO     Client: 32 Epoch: 1 Loss: 2.299706220626831
04-18 16:17 INFO     Client: 32 Epoch: 2 Loss: 2.3686702251434326
04-18 16:17 INFO     Client: 32 Epoch: 3 Loss: 1.5081559419631958
04-18 16:17 INFO     Client: 32 Epoch: 4 Loss: 0.9451938271522522
04-18 16:17 INFO      ** Client: 32 Training complete **
04-18 16:17 INFO     Training network 33 n_training: 80
04-18 16:17 INFO     Training network 33
04-18 16:17 INFO     Client: 33 Epoch: 0 Loss: 2.372136116027832
04-18 16:17 INFO     Client: 33 Epoch: 1 Loss: 3.052142381668091
04-18 16:17 INFO     Client: 33 Epoch: 2 Loss: 2.4232821464538574
04-18 16:17 INFO     Client: 33 Epoch: 3 Loss: 3.0714163780212402
04-18 16:17 INFO     Client: 33 Epoch: 4 Loss: 1.2069947719573975
04-18 16:17 INFO      ** Client: 33 Training complete **
04-18 16:17 INFO     Training network 34 n_training: 80
04-18 16:17 INFO     Training network 34
04-18 16:17 INFO     Client: 34 Epoch: 0 Loss: 2.4305312633514404
04-18 16:17 INFO     Client: 34 Epoch: 1 Loss: 2.105426788330078
04-18 16:17 INFO     Client: 34 Epoch: 2 Loss: 1.8567124605178833
04-18 16:17 INFO     Client: 34 Epoch: 3 Loss: 1.3736286163330078
04-18 16:17 INFO     Client: 34 Epoch: 4 Loss: 1.168666958808899
04-18 16:17 INFO      ** Client: 34 Training complete **
04-18 16:17 INFO     Training network 35 n_training: 80
04-18 16:17 INFO     Training network 35
04-18 16:17 INFO     Client: 35 Epoch: 0 Loss: 2.474877119064331
04-18 16:17 INFO     Client: 35 Epoch: 1 Loss: 2.2217190265655518
04-18 16:17 INFO     Client: 35 Epoch: 2 Loss: 2.6428778171539307
04-18 16:17 INFO     Client: 35 Epoch: 3 Loss: 1.6947041749954224
04-18 16:17 INFO     Client: 35 Epoch: 4 Loss: 1.160987377166748
04-18 16:17 INFO      ** Client: 35 Training complete **
04-18 16:17 INFO     Training network 36 n_training: 80
04-18 16:17 INFO     Training network 36
04-18 16:17 INFO     Client: 36 Epoch: 0 Loss: 2.50354266166687
04-18 16:17 INFO     Client: 36 Epoch: 1 Loss: 2.328000783920288
04-18 16:17 INFO     Client: 36 Epoch: 2 Loss: 1.3914391994476318
04-18 16:17 INFO     Client: 36 Epoch: 3 Loss: 1.195107340812683
04-18 16:17 INFO     Client: 36 Epoch: 4 Loss: 0.9832395911216736
04-18 16:17 INFO      ** Client: 36 Training complete **
04-18 16:17 INFO     Training network 37 n_training: 80
04-18 16:17 INFO     Training network 37
04-18 16:17 INFO     Client: 37 Epoch: 0 Loss: 2.51360821723938
04-18 16:17 INFO     Client: 37 Epoch: 1 Loss: 1.8929587602615356
04-18 16:17 INFO     Client: 37 Epoch: 2 Loss: 3.1219050884246826
04-18 16:17 INFO     Client: 37 Epoch: 3 Loss: 1.818839430809021
04-18 16:17 INFO     Client: 37 Epoch: 4 Loss: 1.2583794593811035
04-18 16:17 INFO      ** Client: 37 Training complete **
04-18 16:17 INFO     Training network 38 n_training: 80
04-18 16:17 INFO     Training network 38
04-18 16:17 INFO     Client: 38 Epoch: 0 Loss: 2.4692256450653076
04-18 16:17 INFO     Client: 38 Epoch: 1 Loss: 2.321495771408081
04-18 16:17 INFO     Client: 38 Epoch: 2 Loss: 3.065871238708496
04-18 16:17 INFO     Client: 38 Epoch: 3 Loss: 1.7523950338363647
04-18 16:17 INFO     Client: 38 Epoch: 4 Loss: 0.805203378200531
04-18 16:17 INFO      ** Client: 38 Training complete **
04-18 16:17 INFO     Training network 39 n_training: 80
04-18 16:17 INFO     Training network 39
04-18 16:17 INFO     Client: 39 Epoch: 0 Loss: 2.504779100418091
04-18 16:17 INFO     Client: 39 Epoch: 1 Loss: 2.476184368133545
04-18 16:17 INFO     Client: 39 Epoch: 2 Loss: 2.007166862487793
04-18 16:17 INFO     Client: 39 Epoch: 3 Loss: 1.2011655569076538
04-18 16:17 INFO     Client: 39 Epoch: 4 Loss: 1.3647085428237915
04-18 16:17 INFO      ** Client: 39 Training complete **
04-18 16:17 INFO     Training network 40 n_training: 80
04-18 16:17 INFO     Training network 40
04-18 16:17 INFO     Client: 40 Epoch: 0 Loss: 2.4133076667785645
04-18 16:17 INFO     Client: 40 Epoch: 1 Loss: 2.393756151199341
04-18 16:17 INFO     Client: 40 Epoch: 2 Loss: 2.3605573177337646
04-18 16:17 INFO     Client: 40 Epoch: 3 Loss: 1.7253193855285645
04-18 16:17 INFO     Client: 40 Epoch: 4 Loss: 1.1429634094238281
04-18 16:17 INFO      ** Client: 40 Training complete **
04-18 16:17 INFO     Training network 41 n_training: 80
04-18 16:17 INFO     Training network 41
04-18 16:17 INFO     Client: 41 Epoch: 0 Loss: 2.399122953414917
04-18 16:17 INFO     Client: 41 Epoch: 1 Loss: 2.055335760116577
04-18 16:17 INFO     Client: 41 Epoch: 2 Loss: 2.3363571166992188
04-18 16:17 INFO     Client: 41 Epoch: 3 Loss: 1.5896012783050537
04-18 16:17 INFO     Client: 41 Epoch: 4 Loss: 1.0765737295150757
04-18 16:17 INFO      ** Client: 41 Training complete **
04-18 16:17 INFO     Training network 42 n_training: 80
04-18 16:17 INFO     Training network 42
04-18 16:17 INFO     Client: 42 Epoch: 0 Loss: 2.46795916557312
04-18 16:17 INFO     Client: 42 Epoch: 1 Loss: 2.5357413291931152
04-18 16:17 INFO     Client: 42 Epoch: 2 Loss: 1.5474729537963867
04-18 16:17 INFO     Client: 42 Epoch: 3 Loss: 0.9723562002182007
04-18 16:17 INFO     Client: 42 Epoch: 4 Loss: 0.9485232830047607
04-18 16:17 INFO      ** Client: 42 Training complete **
04-18 16:17 INFO     Training network 43 n_training: 80
04-18 16:17 INFO     Training network 43
04-18 16:17 INFO     Client: 43 Epoch: 0 Loss: 2.4708774089813232
04-18 16:17 INFO     Client: 43 Epoch: 1 Loss: 2.265259265899658
04-18 16:17 INFO     Client: 43 Epoch: 2 Loss: 2.049697160720825
04-18 16:17 INFO     Client: 43 Epoch: 3 Loss: 1.6178313493728638
04-18 16:17 INFO     Client: 43 Epoch: 4 Loss: 0.9381682872772217
04-18 16:17 INFO      ** Client: 43 Training complete **
04-18 16:17 INFO     Training network 44 n_training: 80
04-18 16:17 INFO     Training network 44
04-18 16:17 INFO     Client: 44 Epoch: 0 Loss: 2.423945903778076
04-18 16:17 INFO     Client: 44 Epoch: 1 Loss: 2.4373128414154053
04-18 16:17 INFO     Client: 44 Epoch: 2 Loss: 3.6482837200164795
04-18 16:17 INFO     Client: 44 Epoch: 3 Loss: 1.6307222843170166
04-18 16:17 INFO     Client: 44 Epoch: 4 Loss: 0.9781602621078491
04-18 16:17 INFO      ** Client: 44 Training complete **
04-18 16:17 INFO     Training network 45 n_training: 80
04-18 16:17 INFO     Training network 45
04-18 16:17 INFO     Client: 45 Epoch: 0 Loss: 2.4197278022766113
04-18 16:17 INFO     Client: 45 Epoch: 1 Loss: 2.2672014236450195
04-18 16:17 INFO     Client: 45 Epoch: 2 Loss: 2.7548437118530273
04-18 16:17 INFO     Client: 45 Epoch: 3 Loss: 1.7018330097198486
04-18 16:17 INFO     Client: 45 Epoch: 4 Loss: 1.1912859678268433
04-18 16:17 INFO      ** Client: 45 Training complete **
04-18 16:17 INFO     Training network 46 n_training: 80
04-18 16:17 INFO     Training network 46
04-18 16:17 INFO     Client: 46 Epoch: 0 Loss: 2.4532175064086914
04-18 16:17 INFO     Client: 46 Epoch: 1 Loss: 1.7981623411178589
04-18 16:17 INFO     Client: 46 Epoch: 2 Loss: 2.671961545944214
04-18 16:17 INFO     Client: 46 Epoch: 3 Loss: 1.7649987936019897
04-18 16:17 INFO     Client: 46 Epoch: 4 Loss: 1.3807226419448853
04-18 16:17 INFO      ** Client: 46 Training complete **
04-18 16:17 INFO     Training network 47 n_training: 80
04-18 16:17 INFO     Training network 47
04-18 16:17 INFO     Client: 47 Epoch: 0 Loss: 2.5244405269622803
04-18 16:17 INFO     Client: 47 Epoch: 1 Loss: 2.1302151679992676
04-18 16:17 INFO     Client: 47 Epoch: 2 Loss: 1.737137794494629
04-18 16:17 INFO     Client: 47 Epoch: 3 Loss: 1.3027878999710083
04-18 16:17 INFO     Client: 47 Epoch: 4 Loss: 0.6811611652374268
04-18 16:17 INFO      ** Client: 47 Training complete **
04-18 16:17 INFO     Training network 48 n_training: 80
04-18 16:17 INFO     Training network 48
04-18 16:17 INFO     Client: 48 Epoch: 0 Loss: 2.5155930519104004
04-18 16:17 INFO     Client: 48 Epoch: 1 Loss: 1.8014726638793945
04-18 16:17 INFO     Client: 48 Epoch: 2 Loss: 1.2072780132293701
04-18 16:17 INFO     Client: 48 Epoch: 3 Loss: 1.4812816381454468
04-18 16:17 INFO     Client: 48 Epoch: 4 Loss: 1.235163927078247
04-18 16:17 INFO      ** Client: 48 Training complete **
04-18 16:17 INFO     Training network 49 n_training: 80
04-18 16:17 INFO     Training network 49
04-18 16:17 INFO     Client: 49 Epoch: 0 Loss: 2.470545768737793
04-18 16:17 INFO     Client: 49 Epoch: 1 Loss: 2.24487566947937
04-18 16:17 INFO     Client: 49 Epoch: 2 Loss: 1.6832932233810425
04-18 16:17 INFO     Client: 49 Epoch: 3 Loss: 1.2788482904434204
04-18 16:17 INFO     Client: 49 Epoch: 4 Loss: 1.075878381729126
04-18 16:17 INFO      ** Client: 49 Training complete **
04-18 16:17 INFO     Training network 50 n_training: 80
04-18 16:17 INFO     Training network 50
04-18 16:17 INFO     Client: 50 Epoch: 0 Loss: 2.4403152465820312
04-18 16:17 INFO     Client: 50 Epoch: 1 Loss: 2.691941738128662
04-18 16:17 INFO     Client: 50 Epoch: 2 Loss: 2.584688425064087
04-18 16:17 INFO     Client: 50 Epoch: 3 Loss: 1.3159458637237549
04-18 16:17 INFO     Client: 50 Epoch: 4 Loss: 1.1631298065185547
04-18 16:17 INFO      ** Client: 50 Training complete **
04-18 16:17 INFO     Training network 51 n_training: 80
04-18 16:17 INFO     Training network 51
04-18 16:17 INFO     Client: 51 Epoch: 0 Loss: 2.39721941947937
04-18 16:17 INFO     Client: 51 Epoch: 1 Loss: 2.567948818206787
04-18 16:17 INFO     Client: 51 Epoch: 2 Loss: 3.082038402557373
04-18 16:17 INFO     Client: 51 Epoch: 3 Loss: 1.3288301229476929
04-18 16:17 INFO     Client: 51 Epoch: 4 Loss: 1.0243632793426514
04-18 16:17 INFO      ** Client: 51 Training complete **
04-18 16:17 INFO     Training network 52 n_training: 80
04-18 16:17 INFO     Training network 52
04-18 16:17 INFO     Client: 52 Epoch: 0 Loss: 2.4523701667785645
04-18 16:17 INFO     Client: 52 Epoch: 1 Loss: 1.6823415756225586
04-18 16:17 INFO     Client: 52 Epoch: 2 Loss: 3.384214401245117
04-18 16:17 INFO     Client: 52 Epoch: 3 Loss: 1.3371511697769165
04-18 16:17 INFO     Client: 52 Epoch: 4 Loss: 1.261639952659607
04-18 16:17 INFO      ** Client: 52 Training complete **
04-18 16:17 INFO     Training network 53 n_training: 80
04-18 16:17 INFO     Training network 53
04-18 16:17 INFO     Client: 53 Epoch: 0 Loss: 2.4677329063415527
04-18 16:17 INFO     Client: 53 Epoch: 1 Loss: 2.223306655883789
04-18 16:17 INFO     Client: 53 Epoch: 2 Loss: 1.8399230241775513
04-18 16:17 INFO     Client: 53 Epoch: 3 Loss: 1.790453553199768
04-18 16:17 INFO     Client: 53 Epoch: 4 Loss: 1.3736321926116943
04-18 16:17 INFO      ** Client: 53 Training complete **
04-18 16:17 INFO     Training network 54 n_training: 80
04-18 16:17 INFO     Training network 54
04-18 16:17 INFO     Client: 54 Epoch: 0 Loss: 2.475942373275757
04-18 16:17 INFO     Client: 54 Epoch: 1 Loss: 2.0316014289855957
04-18 16:17 INFO     Client: 54 Epoch: 2 Loss: 3.1195366382598877
04-18 16:17 INFO     Client: 54 Epoch: 3 Loss: 1.603390097618103
04-18 16:17 INFO     Client: 54 Epoch: 4 Loss: 1.208327054977417
04-18 16:17 INFO      ** Client: 54 Training complete **
04-18 16:17 INFO     Training network 55 n_training: 80
04-18 16:17 INFO     Training network 55
04-18 16:17 INFO     Client: 55 Epoch: 0 Loss: 2.492367744445801
04-18 16:17 INFO     Client: 55 Epoch: 1 Loss: 2.6196208000183105
04-18 16:17 INFO     Client: 55 Epoch: 2 Loss: 2.194035530090332
04-18 16:17 INFO     Client: 55 Epoch: 3 Loss: 1.0904229879379272
04-18 16:17 INFO     Client: 55 Epoch: 4 Loss: 1.3336408138275146
04-18 16:17 INFO      ** Client: 55 Training complete **
04-18 16:17 INFO     Training network 56 n_training: 80
04-18 16:17 INFO     Training network 56
04-18 16:17 INFO     Client: 56 Epoch: 0 Loss: 2.4655768871307373
04-18 16:17 INFO     Client: 56 Epoch: 1 Loss: 1.7351511716842651
04-18 16:17 INFO     Client: 56 Epoch: 2 Loss: 2.0935463905334473
04-18 16:17 INFO     Client: 56 Epoch: 3 Loss: 1.2283878326416016
04-18 16:17 INFO     Client: 56 Epoch: 4 Loss: 0.7461935877799988
04-18 16:17 INFO      ** Client: 56 Training complete **
04-18 16:17 INFO     Training network 57 n_training: 80
04-18 16:17 INFO     Training network 57
04-18 16:17 INFO     Client: 57 Epoch: 0 Loss: 2.4249608516693115
04-18 16:17 INFO     Client: 57 Epoch: 1 Loss: 1.9142191410064697
04-18 16:17 INFO     Client: 57 Epoch: 2 Loss: 2.2999744415283203
04-18 16:17 INFO     Client: 57 Epoch: 3 Loss: 0.9526684284210205
04-18 16:17 INFO     Client: 57 Epoch: 4 Loss: 0.811737596988678
04-18 16:17 INFO      ** Client: 57 Training complete **
04-18 16:17 INFO     Training network 58 n_training: 80
04-18 16:17 INFO     Training network 58
04-18 16:17 INFO     Client: 58 Epoch: 0 Loss: 2.4639086723327637
04-18 16:17 INFO     Client: 58 Epoch: 1 Loss: 2.1825718879699707
04-18 16:17 INFO     Client: 58 Epoch: 2 Loss: 2.071394681930542
04-18 16:17 INFO     Client: 58 Epoch: 3 Loss: 2.996904134750366
04-18 16:17 INFO     Client: 58 Epoch: 4 Loss: 1.090342402458191
04-18 16:17 INFO      ** Client: 58 Training complete **
04-18 16:17 INFO     Training network 59 n_training: 80
04-18 16:17 INFO     Training network 59
04-18 16:17 INFO     Client: 59 Epoch: 0 Loss: 2.4481871128082275
04-18 16:17 INFO     Client: 59 Epoch: 1 Loss: 1.7933238744735718
04-18 16:17 INFO     Client: 59 Epoch: 2 Loss: 2.14815354347229
04-18 16:17 INFO     Client: 59 Epoch: 3 Loss: 1.4426430463790894
04-18 16:17 INFO     Client: 59 Epoch: 4 Loss: 0.8346854448318481
04-18 16:17 INFO      ** Client: 59 Training complete **
04-18 16:17 INFO     Training network 60 n_training: 80
04-18 16:17 INFO     Training network 60
04-18 16:17 INFO     Client: 60 Epoch: 0 Loss: 2.4185097217559814
04-18 16:17 INFO     Client: 60 Epoch: 1 Loss: 2.274496078491211
04-18 16:17 INFO     Client: 60 Epoch: 2 Loss: 2.1252171993255615
04-18 16:17 INFO     Client: 60 Epoch: 3 Loss: 1.2757512331008911
04-18 16:17 INFO     Client: 60 Epoch: 4 Loss: 0.9969620108604431
04-18 16:17 INFO      ** Client: 60 Training complete **
04-18 16:17 INFO     Training network 61 n_training: 80
04-18 16:17 INFO     Training network 61
04-18 16:17 INFO     Client: 61 Epoch: 0 Loss: 2.4953227043151855
04-18 16:17 INFO     Client: 61 Epoch: 1 Loss: 1.8083432912826538
04-18 16:17 INFO     Client: 61 Epoch: 2 Loss: 1.2395330667495728
04-18 16:17 INFO     Client: 61 Epoch: 3 Loss: 1.309382438659668
04-18 16:17 INFO     Client: 61 Epoch: 4 Loss: 0.9511646628379822
04-18 16:17 INFO      ** Client: 61 Training complete **
04-18 16:17 INFO     Training network 62 n_training: 80
04-18 16:17 INFO     Training network 62
04-18 16:17 INFO     Client: 62 Epoch: 0 Loss: 2.449901819229126
04-18 16:17 INFO     Client: 62 Epoch: 1 Loss: 2.247380495071411
04-18 16:17 INFO     Client: 62 Epoch: 2 Loss: 2.705165147781372
04-18 16:17 INFO     Client: 62 Epoch: 3 Loss: 2.549006223678589
04-18 16:17 INFO     Client: 62 Epoch: 4 Loss: 1.0417553186416626
04-18 16:17 INFO      ** Client: 62 Training complete **
04-18 16:17 INFO     Training network 63 n_training: 80
04-18 16:17 INFO     Training network 63
04-18 16:17 INFO     Client: 63 Epoch: 0 Loss: 2.423845052719116
04-18 16:17 INFO     Client: 63 Epoch: 1 Loss: 1.8406752347946167
04-18 16:17 INFO     Client: 63 Epoch: 2 Loss: 3.7914347648620605
04-18 16:17 INFO     Client: 63 Epoch: 3 Loss: 1.743298888206482
04-18 16:17 INFO     Client: 63 Epoch: 4 Loss: 1.2208187580108643
04-18 16:17 INFO      ** Client: 63 Training complete **
04-18 16:17 INFO     Training network 64 n_training: 80
04-18 16:17 INFO     Training network 64
04-18 16:17 INFO     Client: 64 Epoch: 0 Loss: 2.494114875793457
04-18 16:17 INFO     Client: 64 Epoch: 1 Loss: 2.0731379985809326
04-18 16:17 INFO     Client: 64 Epoch: 2 Loss: 1.5510269403457642
04-18 16:17 INFO     Client: 64 Epoch: 3 Loss: 1.3009837865829468
04-18 16:17 INFO     Client: 64 Epoch: 4 Loss: 0.9782381653785706
04-18 16:17 INFO      ** Client: 64 Training complete **
04-18 16:17 INFO     Training network 65 n_training: 80
04-18 16:17 INFO     Training network 65
04-18 16:17 INFO     Client: 65 Epoch: 0 Loss: 2.4124515056610107
04-18 16:17 INFO     Client: 65 Epoch: 1 Loss: 1.8477857112884521
04-18 16:17 INFO     Client: 65 Epoch: 2 Loss: 3.168670654296875
04-18 16:17 INFO     Client: 65 Epoch: 3 Loss: 1.7635282278060913
04-18 16:17 INFO     Client: 65 Epoch: 4 Loss: 1.2841616868972778
04-18 16:17 INFO      ** Client: 65 Training complete **
04-18 16:17 INFO     Training network 66 n_training: 80
04-18 16:17 INFO     Training network 66
04-18 16:17 INFO     Client: 66 Epoch: 0 Loss: 2.4559059143066406
04-18 16:17 INFO     Client: 66 Epoch: 1 Loss: 2.424515724182129
04-18 16:17 INFO     Client: 66 Epoch: 2 Loss: 1.9009140729904175
04-18 16:17 INFO     Client: 66 Epoch: 3 Loss: 2.0142831802368164
04-18 16:17 INFO     Client: 66 Epoch: 4 Loss: 1.0975494384765625
04-18 16:17 INFO      ** Client: 66 Training complete **
04-18 16:17 INFO     Training network 67 n_training: 80
04-18 16:17 INFO     Training network 67
04-18 16:17 INFO     Client: 67 Epoch: 0 Loss: 2.408766508102417
04-18 16:17 INFO     Client: 67 Epoch: 1 Loss: 2.553577184677124
04-18 16:17 INFO     Client: 67 Epoch: 2 Loss: 2.562920570373535
04-18 16:17 INFO     Client: 67 Epoch: 3 Loss: 1.3250186443328857
04-18 16:17 INFO     Client: 67 Epoch: 4 Loss: 0.9716838598251343
04-18 16:17 INFO      ** Client: 67 Training complete **
04-18 16:17 INFO     Training network 68 n_training: 80
04-18 16:17 INFO     Training network 68
04-18 16:17 INFO     Client: 68 Epoch: 0 Loss: 2.4555046558380127
04-18 16:17 INFO     Client: 68 Epoch: 1 Loss: 2.489975690841675
04-18 16:17 INFO     Client: 68 Epoch: 2 Loss: 2.6421639919281006
04-18 16:17 INFO     Client: 68 Epoch: 3 Loss: 1.1164172887802124
04-18 16:17 INFO     Client: 68 Epoch: 4 Loss: 0.9476706385612488
04-18 16:17 INFO      ** Client: 68 Training complete **
04-18 16:17 INFO     Training network 69 n_training: 80
04-18 16:17 INFO     Training network 69
04-18 16:17 INFO     Client: 69 Epoch: 0 Loss: 2.4825711250305176
04-18 16:17 INFO     Client: 69 Epoch: 1 Loss: 2.0177385807037354
04-18 16:17 INFO     Client: 69 Epoch: 2 Loss: 1.2542943954467773
04-18 16:17 INFO     Client: 69 Epoch: 3 Loss: 1.0070044994354248
04-18 16:17 INFO     Client: 69 Epoch: 4 Loss: 0.8646082878112793
04-18 16:17 INFO      ** Client: 69 Training complete **
04-18 16:17 INFO     Training network 70 n_training: 80
04-18 16:17 INFO     Training network 70
04-18 16:17 INFO     Client: 70 Epoch: 0 Loss: 2.4693851470947266
04-18 16:17 INFO     Client: 70 Epoch: 1 Loss: 1.708707571029663
04-18 16:17 INFO     Client: 70 Epoch: 2 Loss: 1.4010393619537354
04-18 16:17 INFO     Client: 70 Epoch: 3 Loss: 1.5699602365493774
04-18 16:17 INFO     Client: 70 Epoch: 4 Loss: 1.1917519569396973
04-18 16:17 INFO      ** Client: 70 Training complete **
04-18 16:17 INFO     Training network 71 n_training: 80
04-18 16:17 INFO     Training network 71
04-18 16:17 INFO     Client: 71 Epoch: 0 Loss: 2.451744318008423
04-18 16:17 INFO     Client: 71 Epoch: 1 Loss: 2.4933369159698486
