05-09 15:48 INFO     cuda
05-09 15:48 INFO     Command Line Arguments: 
{
    "epochs": 5,
    "comm_round": 300,
    "sample_fraction": 1.0,
    "alpha": 0.01,
    "dataset": "tinyimagenet",
    "datadir": "../data/",
    "partition": "noniid-labeldir",
    "alg": "sflv2",
    "model": "resnet-50",
    "split_layer": 4,
    "n_parties": 100,
    "lr": 0.001,
    "mu": 1,
    "std_coeff": 2.5,
    "unif_coeff": 0.5,
    "batch_size": 64,
    "load_first_net": 1,
    "pool_option": "FIFO",
    "model_buffer_size": 1,
    "optimizer": "adam",
    "simp_width": 1,
    "out_dim": 256,
    "reg": 0.0005,
    "temperature": 0.5,
    "logdir": "./",
    "log_file_name": "logs/experiment_log-alg=sflv2_partition=noniid-labeldir_lr=0.001_epochs=5_num_users=100_beta=0.01_batch_size=64_opt=adam_dataset=tinyimagenet_2024-05-09-1548-43",
    "seed": 1,
    "device": "cuda:3",
    "accuracies_file": "logs/resnet_50_tinyimagenet.csv",
    "dont_skip": false,
    "n_train_workers": 1,
    "n_test_workers": 1,
    "arch": "mobilenet_v3_large",
    "multiprocessing": 0
}
05-09 15:48 INFO     Data statistics: {0: {13: 2, 37: 194, 41: 264, 55: 82, 77: 272, 80: 1, 83: 50, 91: 1, 95: 176}, 1: {1: 268, 3: 295, 14: 1, 29: 1, 32: 1, 33: 280, 38: 16, 46: 7, 54: 123, 60: 448}, 2: {74: 5, 88: 2, 101: 22, 135: 7, 141: 20, 142: 331, 152: 122, 158: 423, 164: 343}, 3: {11: 3, 22: 98, 28: 47, 36: 7, 73: 12, 92: 105, 99: 40, 103: 141, 107: 6, 109: 47, 110: 2, 132: 52, 147: 66, 169: 84, 190: 4, 198: 62}, 4: {10: 28, 21: 465, 36: 193, 39: 382}, 5: {55: 13, 86: 2, 91: 76, 93: 338, 107: 1, 108: 2, 113: 1, 115: 85, 119: 4, 186: 498}, 6: {20: 4, 31: 10, 40: 1, 58: 72, 92: 119, 100: 13, 116: 24, 173: 374, 177: 1, 187: 38}, 7: {54: 347, 67: 365, 75: 95, 92: 49, 93: 150}, 8: {3: 198, 26: 154, 44: 22, 72: 97, 89: 1, 103: 3, 133: 29, 167: 2, 168: 384, 175: 299}, 9: {13: 3, 44: 192, 49: 228, 63: 9, 88: 301, 131: 460}, 10: {2: 2, 35: 460, 55: 12, 65: 230, 76: 395}, 11: {2: 3, 9: 401, 18: 11, 29: 155, 53: 5, 66: 92, 73: 345}, 12: {2: 2, 28: 1, 36: 11, 47: 37, 51: 389, 58: 1, 88: 1, 96: 419, 107: 157}, 13: {7: 440, 32: 25, 33: 4, 42: 124, 47: 407}, 14: {31: 28, 56: 444, 57: 111, 73: 10, 75: 5, 95: 75, 121: 419}, 15: {13: 1, 42: 11, 69: 338, 80: 117, 86: 446, 113: 451}, 16: {2: 9, 9: 11, 48: 6, 60: 1, 62: 348, 63: 16, 86: 20, 114: 30, 115: 188, 123: 12, 142: 21, 145: 140, 147: 8, 148: 277}, 17: {2: 47, 22: 369, 32: 9, 42: 10, 75: 34, 95: 88, 112: 40, 116: 45, 119: 1, 145: 2, 150: 98, 163: 5, 179: 42, 196: 3}, 18: {30: 1, 46: 3, 50: 304, 63: 329, 73: 3, 117: 26, 145: 294, 163: 6, 167: 1, 181: 294}, 19: {8: 20, 24: 1, 33: 1, 39: 42, 55: 2, 75: 360, 93: 1, 126: 137, 128: 3, 145: 56, 150: 1, 164: 38, 166: 363}, 20: {14: 143, 39: 59, 58: 2, 60: 2, 65: 157, 110: 1, 125: 3, 136: 11, 142: 147, 167: 55, 168: 1, 172: 250, 174: 5}, 21: {9: 36, 21: 1, 30: 4, 66: 1, 109: 1, 127: 259, 152: 3, 164: 63}, 22: {26: 121, 28: 139, 68: 11, 96: 2, 109: 97, 112: 169, 114: 13, 127: 40, 148: 1, 150: 23, 156: 88}, 23: {8: 2, 14: 11, 32: 1, 38: 69, 62: 150, 78: 13, 80: 19, 104: 498, 110: 299}, 24: {7: 5, 17: 6, 24: 1, 30: 1, 76: 13, 86: 12, 88: 11, 109: 106, 123: 4, 130: 299, 133: 1, 138: 5, 148: 53, 152: 1, 158: 76, 163: 320, 176: 63}, 25: {11: 91, 16: 432, 24: 6, 33: 15, 36: 107, 54: 5, 82: 165, 96: 24, 106: 12, 114: 9, 116: 2, 156: 2, 167: 2, 169: 5, 174: 284}, 26: {4: 2, 26: 131, 38: 198, 44: 139, 68: 1, 69: 3, 91: 2, 106: 1, 113: 8, 156: 342, 157: 48, 160: 43, 161: 65, 188: 4, 197: 499}, 27: {2: 2, 17: 9, 40: 53, 83: 163, 90: 2, 91: 49, 102: 10, 119: 4, 147: 10, 157: 102, 180: 477, 193: 148}, 28: {1: 203, 13: 11, 27: 5, 33: 3, 67: 25, 91: 9, 113: 1, 117: 289, 122: 1, 129: 20, 137: 48, 148: 37, 179: 418}, 29: {21: 24, 22: 1, 38: 5, 65: 32, 85: 10, 87: 2, 107: 1, 123: 471, 129: 11, 137: 4, 138: 26, 150: 106, 175: 2, 196: 3}, 30: {17: 445, 42: 1, 46: 35, 55: 385, 72: 1, 88: 1, 95: 101, 97: 2, 101: 7, 115: 16, 120: 3, 171: 482}, 31: {5: 2, 15: 3, 24: 11, 36: 41, 38: 1, 56: 1, 78: 8, 87: 1, 101: 462, 114: 69, 132: 264, 137: 325}, 32: {1: 1, 31: 2, 49: 58, 51: 1, 59: 71, 60: 31, 94: 1, 98: 78, 111: 8, 116: 164, 136: 1, 152: 344, 159: 21, 165: 10, 171: 15, 182: 94, 188: 486}, 33: {22: 7, 45: 66, 61: 33, 68: 1, 79: 4, 83: 137, 103: 301, 115: 106, 125: 2, 136: 41, 141: 14, 144: 1, 150: 1, 162: 7, 168: 12, 177: 35, 187: 3, 188: 9, 189: 466}, 34: {4: 169, 17: 26, 24: 6, 25: 11, 48: 37, 58: 1, 66: 15, 79: 54, 95: 56, 112: 6, 115: 13, 138: 192, 146: 2, 153: 13, 169: 408}, 35: {13: 1, 42: 17, 96: 4, 120: 54, 123: 8, 129: 170, 150: 213, 156: 2, 196: 383}, 36: {7: 1, 28: 252, 29: 44, 43: 2, 82: 16, 90: 116, 98: 7, 112: 5, 150: 2, 185: 5}, 37: {13: 223, 23: 79, 32: 367, 66: 112, 99: 4, 126: 1, 127: 147, 132: 39, 136: 422}, 38: {34: 428, 60: 9, 64: 42, 94: 182, 97: 40, 108: 20, 129: 284}, 39: {5: 1, 19: 76, 27: 1, 28: 14, 40: 323, 46: 1, 65: 5, 83: 22, 90: 1, 94: 166, 100: 1, 118: 494}, 40: {7: 52, 36: 4, 43: 73, 64: 5, 66: 1, 92: 210, 101: 1, 109: 242, 110: 80, 111: 301, 119: 1, 152: 28, 163: 42}, 41: {0: 458, 4: 2, 16: 11, 18: 5, 74: 2, 75: 1, 93: 1, 123: 2, 153: 408, 174: 90}, 42: {6: 25, 17: 8, 33: 13, 38: 210, 57: 34, 95: 1, 102: 296, 103: 1, 106: 1, 122: 67, 124: 6, 126: 15, 149: 1, 159: 1, 176: 404}, 43: {12: 1, 23: 411, 39: 10, 72: 156, 79: 4, 89: 1, 102: 2, 121: 1, 153: 33, 154: 427}, 44: {59: 4, 67: 1, 74: 16, 76: 1, 79: 2, 98: 7, 105: 107, 106: 25, 131: 16, 134: 19, 174: 3, 175: 52, 183: 429, 193: 345}, 45: {32: 8, 54: 24, 79: 334, 83: 1, 89: 363, 122: 1, 130: 3, 168: 1, 177: 39, 181: 191, 187: 83}, 46: {14: 16, 15: 1, 42: 42, 69: 5, 97: 45, 107: 8, 114: 6, 116: 108, 124: 69, 126: 116, 147: 371, 164: 44}, 47: {37: 92, 60: 2, 85: 47, 86: 1, 96: 3, 97: 45, 102: 167, 106: 234, 109: 1, 118: 3, 143: 7, 148: 4, 162: 467}, 48: {6: 87, 12: 335, 15: 1, 27: 1, 44: 2, 47: 9, 74: 1, 75: 4, 77: 99, 79: 7, 80: 159, 96: 42, 130: 22, 131: 23, 160: 453}, 49: {69: 5, 80: 28, 96: 2, 98: 49, 105: 338, 110: 3, 135: 483, 141: 224}, 50: {35: 36, 40: 7, 41: 37, 47: 1, 48: 431, 51: 3, 59: 2, 66: 24, 69: 7, 80: 3, 103: 47, 110: 34, 122: 423}, 51: {2: 88, 3: 6, 37: 31, 45: 2, 65: 4, 74: 465, 110: 32, 125: 1, 130: 49, 139: 1, 151: 471}, 52: {33: 101, 36: 3, 86: 2, 120: 3, 141: 1, 159: 5, 176: 27, 180: 15, 193: 6, 194: 494, 195: 437}, 53: {2: 19, 37: 14, 41: 29, 42: 17, 60: 4, 91: 50, 97: 321, 120: 439, 125: 1, 139: 1, 141: 1, 150: 55, 151: 7, 166: 136}, 54: {12: 1, 18: 14, 21: 1, 31: 459, 52: 382, 57: 18, 70: 1, 145: 1, 154: 33, 159: 3, 163: 95}, 55: {5: 356, 15: 321, 20: 1, 30: 93, 44: 30, 52: 117, 86: 7, 98: 358}, 56: {9: 3, 16: 30, 37: 12, 64: 226, 69: 50, 81: 113, 82: 2, 85: 306, 112: 10, 123: 2, 126: 186, 140: 42, 164: 1, 172: 2, 191: 499}, 57: {4: 2, 7: 1, 29: 1, 30: 370, 81: 18, 88: 86, 111: 19, 116: 5, 134: 57, 141: 2, 155: 13, 163: 30, 198: 8}, 58: {10: 1, 30: 3, 43: 279, 82: 23, 85: 56, 115: 2, 117: 11, 124: 1, 125: 1, 126: 44, 129: 2, 136: 1, 148: 17, 153: 4, 159: 99, 162: 17, 185: 492}, 59: {33: 73, 41: 2, 57: 1, 94: 1, 118: 2, 121: 3, 130: 6, 132: 143, 159: 2, 178: 499, 189: 32}, 60: {5: 2, 14: 212, 40: 11, 49: 7, 50: 1, 53: 486, 56: 39, 57: 26, 68: 23, 69: 1, 91: 21, 94: 1, 95: 2, 134: 34, 143: 41, 155: 399}, 61: {8: 442, 40: 1, 41: 1, 86: 4, 104: 1, 121: 6, 154: 7, 165: 233}, 62: {2: 37, 8: 1, 11: 4, 28: 46, 33: 9, 80: 2, 108: 25, 111: 12, 149: 136, 161: 411, 167: 439}, 63: {0: 1, 19: 4, 53: 2, 65: 45, 76: 54, 99: 134, 101: 2, 168: 1, 169: 2, 195: 57}, 64: {21: 1, 26: 88, 44: 114, 51: 1, 60: 1, 71: 7, 127: 2, 133: 8, 138: 1, 139: 47, 141: 1, 172: 247, 195: 5, 198: 2}, 65: {8: 34, 18: 22, 20: 1, 42: 274, 48: 14, 56: 9, 58: 244, 77: 1, 105: 50, 117: 5, 129: 12, 139: 112, 146: 216, 149: 306}, 66: {16: 5, 20: 109, 25: 486, 47: 7, 66: 8, 71: 1, 87: 495}, 67: {24: 34, 67: 23, 99: 297, 139: 36, 140: 74, 157: 312, 168: 10, 173: 125, 182: 2, 187: 56, 190: 495}, 68: {24: 433, 32: 7, 70: 334, 79: 1, 88: 1, 102: 23, 121: 45, 154: 30, 170: 454}, 69: {13: 42, 40: 103, 64: 182, 83: 65, 85: 54, 93: 8, 146: 116, 152: 1, 159: 242, 168: 53, 184: 110}, 70: {1: 1, 12: 158, 21: 4, 55: 4, 56: 6, 66: 49, 68: 1, 73: 24, 84: 426, 102: 1, 113: 38, 119: 2, 121: 6, 137: 122, 141: 7, 146: 165}, 71: {1: 25, 42: 2, 47: 1, 114: 34, 144: 357, 170: 1, 185: 1}, 72: {5: 98, 12: 3, 37: 47, 48: 1, 92: 2, 112: 194, 115: 1, 134: 300, 138: 247, 140: 383}, 73: {2: 286, 10: 66, 15: 160, 17: 5, 21: 3, 26: 5, 47: 4, 49: 206, 76: 23, 105: 4, 121: 3, 134: 89, 143: 441}, 74: {0: 9, 9: 48, 10: 327, 50: 147, 58: 179, 72: 217, 79: 17, 88: 96}, 75: {41: 7, 66: 197, 69: 33, 72: 26, 73: 105, 78: 300, 80: 170, 82: 293}, 76: {4: 2, 5: 40, 24: 1, 64: 33, 74: 1, 109: 1, 116: 151, 124: 422, 127: 4, 139: 302, 176: 5, 179: 6, 180: 1}, 77: {22: 24, 29: 1, 50: 16, 60: 1, 67: 85, 70: 105, 84: 68, 91: 14, 100: 219, 106: 24, 145: 3, 157: 37, 165: 180}, 78: {16: 21, 18: 88, 45: 420, 61: 231, 78: 79, 79: 76, 89: 57, 127: 18, 144: 78}, 79: {32: 7, 41: 150, 45: 7, 46: 1, 90: 124, 117: 7, 125: 245, 133: 461}, 80: {0: 14, 13: 12, 19: 20, 43: 4, 64: 10, 84: 4, 86: 2, 92: 14, 110: 48, 159: 12, 181: 2, 186: 1}, 81: {37: 1, 70: 1, 71: 103, 85: 18, 86: 3, 91: 156, 97: 46, 99: 17, 106: 40, 107: 129, 115: 54, 125: 246, 128: 18, 143: 8, 148: 15, 182: 403}, 82: {32: 48, 57: 309, 89: 77, 112: 75, 119: 7, 128: 478, 165: 76}, 83: {15: 12, 37: 1, 65: 12, 68: 271, 84: 1, 85: 8, 111: 159, 122: 7, 130: 120, 144: 63, 162: 1, 163: 1, 170: 35, 174: 117, 175: 146}, 84: {4: 322, 14: 116, 35: 3, 36: 122, 62: 1, 77: 93, 135: 1, 143: 2, 145: 3, 155: 87, 185: 1, 192: 499}, 85: {15: 1, 36: 7, 59: 2, 61: 190, 70: 7, 94: 58, 109: 4, 121: 12, 184: 323}, 86: {6: 278, 11: 401, 20: 384}, 87: {46: 405, 53: 6, 76: 13, 108: 452, 121: 3, 127: 29, 151: 1, 159: 114}, 88: {39: 6, 47: 15, 50: 2, 59: 112, 70: 51, 71: 9, 77: 34, 83: 61, 106: 162, 117: 146, 135: 4, 138: 28, 143: 1, 147: 44, 148: 95, 160: 3, 161: 1, 178: 1}, 89: {23: 9, 27: 378, 46: 47, 71: 373, 115: 34, 117: 15, 128: 1, 180: 6, 194: 6}, 90: {23: 1, 29: 298, 36: 4, 43: 141, 61: 45, 64: 1, 93: 1, 108: 1, 114: 338, 119: 364}, 91: {10: 18, 19: 399, 69: 55, 74: 9, 78: 1, 103: 6, 162: 7, 196: 7, 199: 499}, 92: {18: 322, 32: 6, 34: 70, 48: 3, 68: 191, 72: 2, 74: 1, 101: 6, 107: 37, 137: 1, 141: 40, 156: 65, 164: 10}, 93: {0: 17, 6: 109, 10: 59, 13: 2, 27: 115, 32: 20, 56: 1, 69: 2, 87: 1, 90: 256, 91: 36, 115: 1, 117: 1, 135: 4, 154: 2, 171: 2, 185: 1, 197: 1, 198: 36}, 94: {5: 1, 24: 6, 34: 1, 41: 9, 42: 1, 45: 2, 47: 18, 48: 7, 50: 29, 55: 1, 93: 1, 94: 91, 114: 1, 136: 23, 138: 1, 149: 56, 154: 1, 171: 1, 181: 3, 183: 70, 184: 26, 189: 1}, 95: {57: 1, 85: 1, 91: 83, 99: 7, 113: 1, 119: 116, 121: 1, 130: 1, 141: 189, 163: 1, 181: 1}, 96: {25: 2, 30: 27, 33: 1, 47: 1, 59: 308, 65: 14, 68: 1, 80: 1, 102: 1, 119: 1, 124: 1, 129: 1, 152: 1, 156: 1, 160: 1, 168: 37, 170: 9, 177: 424, 179: 33, 180: 1, 181: 9, 184: 41, 188: 1, 198: 391}, 97: {0: 1, 1: 1, 7: 1, 16: 1, 37: 107, 67: 1, 72: 1, 75: 1, 77: 1, 78: 99, 82: 1, 83: 1, 97: 1, 109: 1, 118: 1, 121: 1, 123: 1, 125: 1, 132: 2, 148: 1, 151: 21, 153: 41, 159: 1, 165: 1, 166: 1, 179: 1, 186: 1, 187: 320, 190: 1, 191: 1, 196: 104}, 98: {4: 1, 13: 202, 14: 1, 21: 1, 22: 1, 30: 1, 31: 1, 45: 3, 46: 1, 49: 1, 59: 1, 63: 145, 65: 1, 70: 1, 71: 7, 79: 1, 81: 368, 84: 1, 90: 1, 91: 2, 96: 3, 100: 267}, 99: {1: 1, 2: 5, 3: 1, 6: 1, 8: 1, 9: 1, 10: 1, 11: 1, 12: 2, 13: 1, 15: 1, 17: 1, 18: 38, 19: 1, 20: 1, 24: 1, 25: 1, 26: 1, 28: 1, 32: 1, 34: 1, 35: 1, 36: 1, 37: 1, 38: 1, 39: 1, 40: 1, 41: 1, 42: 1, 43: 1, 44: 1, 48: 1, 50: 1, 51: 106, 52: 1, 53: 1, 54: 1, 55: 1, 58: 1, 60: 1, 61: 1, 62: 1, 63: 1, 64: 1, 66: 1, 69: 1, 73: 1, 76: 1, 81: 1, 86: 1, 87: 1, 88: 1, 89: 1, 91: 1, 92: 1, 95: 1, 96: 1, 98: 1, 99: 1, 103: 1, 104: 1, 105: 1, 106: 1, 107: 161, 110: 1, 111: 1, 112: 1, 116: 1, 120: 1, 122: 1, 124: 1, 126: 1, 127: 1, 131: 1, 133: 1, 134: 1, 135: 1, 136: 1, 139: 1, 140: 1, 141: 1, 142: 1, 144: 1, 145: 1, 146: 1, 147: 1, 149: 1, 150: 1, 153: 1, 155: 1, 157: 1, 158: 1, 161: 23, 162: 1, 164: 1, 167: 1, 168: 1, 169: 1, 170: 1, 172: 1, 173: 1, 174: 1, 175: 1, 176: 1, 177: 1, 182: 1, 183: 1, 189: 1, 192: 1, 193: 1, 195: 1, 198: 1, 199: 1}}
05-09 15:49 INFO     in comm round:0
05-09 15:49 INFO     Training network 0 n_training: 1042
05-09 15:49 INFO     Training network 0
05-09 15:49 INFO     n_training: 16
05-09 15:49 INFO     Client: 0 Epoch: 0 Loss: 5.053860068321228
05-09 15:49 INFO     Client: 0 Epoch: 1 Loss: 3.9272914975881577
05-09 15:49 INFO     Client: 0 Epoch: 2 Loss: 2.870329961180687
05-09 15:49 INFO     Client: 0 Epoch: 3 Loss: 2.340314954519272
05-09 15:49 INFO     Client: 0 Epoch: 4 Loss: 1.9620790109038353
05-09 15:49 INFO      ** Client: 0 Training complete **
05-09 15:49 INFO     Training network 1 n_training: 1440
05-09 15:49 INFO     Training network 1
05-09 15:49 INFO     n_training: 22
05-09 15:49 INFO     Client: 1 Epoch: 0 Loss: 4.781272812323137
05-09 15:49 INFO     Client: 1 Epoch: 1 Loss: 2.9534625031731347
05-09 15:49 INFO     Client: 1 Epoch: 2 Loss: 2.030342470515858
05-09 15:49 INFO     Client: 1 Epoch: 3 Loss: 1.5229204567995938
05-09 15:49 INFO     Client: 1 Epoch: 4 Loss: 1.3074820285493678
05-09 15:49 INFO      ** Client: 1 Training complete **
05-09 15:49 INFO     Training network 2 n_training: 1275
05-09 15:49 INFO     Training network 2
05-09 15:49 INFO     n_training: 19
05-09 15:49 INFO     Client: 2 Epoch: 0 Loss: 5.246958607121518
05-09 15:49 INFO     Client: 2 Epoch: 1 Loss: 3.716794578652633
05-09 15:49 INFO     Client: 2 Epoch: 2 Loss: 2.437889488119828
05-09 15:49 INFO     Client: 2 Epoch: 3 Loss: 1.7463127123682123
05-09 15:49 INFO     Client: 2 Epoch: 4 Loss: 1.4821686744689941
05-09 15:49 INFO      ** Client: 2 Training complete **
05-09 15:49 INFO     Training network 3 n_training: 776
05-09 15:49 INFO     Training network 3
05-09 15:49 INFO     n_training: 12
05-09 15:49 INFO     Client: 3 Epoch: 0 Loss: 5.87363072236379
05-09 15:49 INFO     Client: 3 Epoch: 1 Loss: 5.341910362243652
05-09 15:49 INFO     Client: 3 Epoch: 2 Loss: 5.004250168800354
05-09 15:49 INFO     Client: 3 Epoch: 3 Loss: 4.539665460586548
05-09 15:49 INFO     Client: 3 Epoch: 4 Loss: 4.07260674238205
05-09 15:49 INFO      ** Client: 3 Training complete **
05-09 15:49 INFO     Training network 4 n_training: 1068
05-09 15:49 INFO     Training network 4
05-09 15:49 INFO     n_training: 16
05-09 15:49 INFO     Client: 4 Epoch: 0 Loss: 5.248637557029724
05-09 15:49 INFO     Client: 4 Epoch: 1 Loss: 3.587550550699234
05-09 15:49 INFO     Client: 4 Epoch: 2 Loss: 2.0066411942243576
05-09 15:49 INFO     Client: 4 Epoch: 3 Loss: 1.3991339728236198
05-09 15:49 INFO     Client: 4 Epoch: 4 Loss: 1.0975749604403973
05-09 15:49 INFO      ** Client: 4 Training complete **
05-09 15:49 INFO     Training network 5 n_training: 1020
05-09 15:49 INFO     Training network 5
05-09 15:49 INFO     n_training: 15
05-09 15:49 INFO     Client: 5 Epoch: 0 Loss: 5.294774723052979
05-09 15:49 INFO     Client: 5 Epoch: 1 Loss: 3.2303975741068522
05-09 15:49 INFO     Client: 5 Epoch: 2 Loss: 1.7139290571212769
05-09 15:49 INFO     Client: 5 Epoch: 3 Loss: 1.2896657427151998
05-09 15:50 INFO     Client: 5 Epoch: 4 Loss: 1.1184232513109842
05-09 15:50 INFO      ** Client: 5 Training complete **
05-09 15:50 INFO     Training network 6 n_training: 656
05-09 15:50 INFO     Training network 6
05-09 15:50 INFO     n_training: 10
05-09 15:50 INFO     Client: 6 Epoch: 0 Loss: 5.33865704536438
05-09 15:50 INFO     Client: 6 Epoch: 1 Loss: 4.070624542236328
05-09 15:50 INFO     Client: 6 Epoch: 2 Loss: 2.950542664527893
05-09 15:50 INFO     Client: 6 Epoch: 3 Loss: 2.149282622337341
05-09 15:50 INFO     Client: 6 Epoch: 4 Loss: 1.7311536073684692
05-09 15:50 INFO      ** Client: 6 Training complete **
05-09 15:50 INFO     Training network 7 n_training: 1006
05-09 15:50 INFO     Training network 7
05-09 15:50 INFO     n_training: 15
05-09 15:50 INFO     Client: 7 Epoch: 0 Loss: 4.7787478764851885
05-09 15:50 INFO     Client: 7 Epoch: 1 Loss: 3.6518622398376466
05-09 15:50 INFO     Client: 7 Epoch: 2 Loss: 2.6800695101420087
05-09 15:50 INFO     Client: 7 Epoch: 3 Loss: 1.8959011395772298
05-09 15:50 INFO     Client: 7 Epoch: 4 Loss: 1.476572855313619
05-09 15:50 INFO      ** Client: 7 Training complete **
05-09 15:50 INFO     Training network 8 n_training: 1189
05-09 15:50 INFO     Training network 8
05-09 15:50 INFO     n_training: 18
05-09 15:50 INFO     Client: 8 Epoch: 0 Loss: 5.557565238740709
05-09 15:50 INFO     Client: 8 Epoch: 1 Loss: 4.5450253089269
05-09 15:50 INFO     Client: 8 Epoch: 2 Loss: 3.5631389088100858
05-09 15:50 INFO     Client: 8 Epoch: 3 Loss: 2.8382867839601307
05-09 15:50 INFO     Client: 8 Epoch: 4 Loss: 2.3982539574305215
05-09 15:50 INFO      ** Client: 8 Training complete **
05-09 15:50 INFO     Training network 9 n_training: 1193
05-09 15:50 INFO     Training network 9
05-09 15:50 INFO     n_training: 18
05-09 15:50 INFO     Client: 9 Epoch: 0 Loss: 5.64335921075609
05-09 15:50 INFO     Client: 9 Epoch: 1 Loss: 4.705000082651774
05-09 15:50 INFO     Client: 9 Epoch: 2 Loss: 3.459387010998196
05-09 15:50 INFO     Client: 9 Epoch: 3 Loss: 2.4293010565969677
05-09 15:50 INFO     Client: 9 Epoch: 4 Loss: 1.7969819439782038
05-09 15:50 INFO      ** Client: 9 Training complete **
05-09 15:50 INFO     Training network 10 n_training: 1099
05-09 15:50 INFO     Training network 10
05-09 15:50 INFO     n_training: 17
05-09 15:50 INFO     Client: 10 Epoch: 0 Loss: 5.737177428077249
05-09 15:50 INFO     Client: 10 Epoch: 1 Loss: 4.755395131952622
05-09 15:50 INFO     Client: 10 Epoch: 2 Loss: 3.447307081783519
05-09 15:50 INFO     Client: 10 Epoch: 3 Loss: 2.2404805982814118
05-09 15:50 INFO     Client: 10 Epoch: 4 Loss: 1.6406970024108887
05-09 15:50 INFO      ** Client: 10 Training complete **
05-09 15:50 INFO     Training network 11 n_training: 1012
05-09 15:50 INFO     Training network 11
05-09 15:50 INFO     n_training: 15
05-09 15:50 INFO     Client: 11 Epoch: 0 Loss: 5.965628401438395
05-09 15:50 INFO     Client: 11 Epoch: 1 Loss: 5.05331179300944
05-09 15:50 INFO     Client: 11 Epoch: 2 Loss: 4.065348593393962
05-09 15:50 INFO     Client: 11 Epoch: 3 Loss: 2.98313144048055
05-09 15:50 INFO     Client: 11 Epoch: 4 Loss: 2.3661686897277834
05-09 15:50 INFO      ** Client: 11 Training complete **
05-09 15:50 INFO     Training network 12 n_training: 1018
05-09 15:50 INFO     Training network 12
05-09 15:50 INFO     n_training: 15
05-09 15:50 INFO     Client: 12 Epoch: 0 Loss: 5.786880270640055
05-09 15:50 INFO     Client: 12 Epoch: 1 Loss: 4.975630791982015
05-09 15:50 INFO     Client: 12 Epoch: 2 Loss: 3.767170445124308
05-09 15:50 INFO     Client: 12 Epoch: 3 Loss: 2.681598440806071
05-09 15:50 INFO     Client: 12 Epoch: 4 Loss: 1.8917650858561197
05-09 15:50 INFO      ** Client: 12 Training complete **
05-09 15:50 INFO     Training network 13 n_training: 1000
05-09 15:50 INFO     Training network 13
05-09 15:50 INFO     n_training: 15
05-09 15:50 INFO     Client: 13 Epoch: 0 Loss: 5.717728678385416
05-09 15:50 INFO     Client: 13 Epoch: 1 Loss: 4.942971865336101
05-09 15:50 INFO     Client: 13 Epoch: 2 Loss: 3.8348581314086916
05-09 15:50 INFO     Client: 13 Epoch: 3 Loss: 2.5714721997578938
05-09 15:50 INFO     Client: 13 Epoch: 4 Loss: 1.8139593521753947
05-09 15:50 INFO      ** Client: 13 Training complete **
05-09 15:50 INFO     Training network 14 n_training: 1092
05-09 15:50 INFO     Training network 14
05-09 15:50 INFO     n_training: 17
05-09 15:50 INFO     Client: 14 Epoch: 0 Loss: 5.815302259781781
05-09 15:50 INFO     Client: 14 Epoch: 1 Loss: 4.496179917279412
05-09 15:50 INFO     Client: 14 Epoch: 2 Loss: 2.8045702190960156
05-09 15:50 INFO     Client: 14 Epoch: 3 Loss: 1.8573575510698206
05-09 15:50 INFO     Client: 14 Epoch: 4 Loss: 1.491385768441593
05-09 15:50 INFO      ** Client: 14 Training complete **
05-09 15:50 INFO     Training network 15 n_training: 1364
05-09 15:50 INFO     Training network 15
05-09 15:50 INFO     n_training: 21
05-09 15:50 INFO     Client: 15 Epoch: 0 Loss: 5.576345284779866
05-09 15:50 INFO     Client: 15 Epoch: 1 Loss: 4.257149026507423
05-09 15:50 INFO     Client: 15 Epoch: 2 Loss: 2.7896298340388705
05-09 15:50 INFO     Client: 15 Epoch: 3 Loss: 2.0675716343380155
05-09 15:50 INFO     Client: 15 Epoch: 4 Loss: 1.6254709845497495
05-09 15:50 INFO      ** Client: 15 Training complete **
05-09 15:50 INFO     Training network 16 n_training: 1087
05-09 15:50 INFO     Training network 16
05-09 15:50 INFO     n_training: 16
05-09 15:50 INFO     Client: 16 Epoch: 0 Loss: 5.751651257276535
05-09 15:50 INFO     Client: 16 Epoch: 1 Loss: 4.810294806957245
05-09 15:50 INFO     Client: 16 Epoch: 2 Loss: 3.704319477081299
05-09 15:50 INFO     Client: 16 Epoch: 3 Loss: 2.765070289373398
05-09 15:50 INFO     Client: 16 Epoch: 4 Loss: 2.073246881365776
05-09 15:50 INFO      ** Client: 16 Training complete **
05-09 15:50 INFO     Training network 17 n_training: 793
05-09 15:50 INFO     Training network 17
05-09 15:50 INFO     n_training: 12
05-09 15:50 INFO     Client: 17 Epoch: 0 Loss: 5.252568443616231
05-09 15:50 INFO     Client: 17 Epoch: 1 Loss: 4.261322279771169
05-09 15:50 INFO     Client: 17 Epoch: 2 Loss: 3.523945907751719
05-09 15:50 INFO     Client: 17 Epoch: 3 Loss: 3.094152331352234
05-09 15:50 INFO     Client: 17 Epoch: 4 Loss: 2.8253822326660156
05-09 15:50 INFO      ** Client: 17 Training complete **
05-09 15:50 INFO     Training network 18 n_training: 1261
05-09 15:50 INFO     Training network 18
05-09 15:50 INFO     n_training: 19
05-09 15:50 INFO     Client: 18 Epoch: 0 Loss: 5.303112180609452
05-09 15:50 INFO     Client: 18 Epoch: 1 Loss: 4.008767454247725
05-09 15:50 INFO     Client: 18 Epoch: 2 Loss: 2.6412480881339624
05-09 15:50 INFO     Client: 18 Epoch: 3 Loss: 1.7071362953437001
05-09 15:50 INFO     Client: 18 Epoch: 4 Loss: 1.4507451841705723
05-09 15:50 INFO      ** Client: 18 Training complete **
05-09 15:50 INFO     Training network 19 n_training: 1025
05-09 15:50 INFO     Training network 19
05-09 15:50 INFO     n_training: 16
05-09 15:50 INFO     Client: 19 Epoch: 0 Loss: 5.3966928124427795
05-09 15:50 INFO     Client: 19 Epoch: 1 Loss: 4.498767480254173
05-09 15:50 INFO     Client: 19 Epoch: 2 Loss: 3.262362629175186
05-09 15:51 INFO     Client: 19 Epoch: 3 Loss: 2.2753919064998627
05-09 15:51 INFO     Client: 19 Epoch: 4 Loss: 1.7956195324659348
05-09 15:51 INFO      ** Client: 19 Training complete **
05-09 15:51 INFO     Training network 20 n_training: 836
05-09 15:51 INFO     Training network 20
05-09 15:51 INFO     n_training: 13
05-09 15:51 INFO     Client: 20 Epoch: 0 Loss: 5.650850185981164
05-09 15:51 INFO     Client: 20 Epoch: 1 Loss: 5.062540897956262
05-09 15:51 INFO     Client: 20 Epoch: 2 Loss: 4.5344438919654255
05-09 15:51 INFO     Client: 20 Epoch: 3 Loss: 3.914753767160269
05-09 15:51 INFO     Client: 20 Epoch: 4 Loss: 3.234549247301542
05-09 15:51 INFO      ** Client: 20 Training complete **
05-09 15:51 INFO     Training network 21 n_training: 368
05-09 15:51 INFO     Training network 21
05-09 15:51 INFO     n_training: 5
05-09 15:51 INFO     Client: 21 Epoch: 0 Loss: 5.888739681243896
05-09 15:51 INFO     Client: 21 Epoch: 1 Loss: 5.3623512268066404
05-09 15:51 INFO     Client: 21 Epoch: 2 Loss: 5.072620105743408
05-09 15:51 INFO     Client: 21 Epoch: 3 Loss: 4.747630882263183
05-09 15:51 INFO     Client: 21 Epoch: 4 Loss: 4.277384853363037
05-09 15:51 INFO      ** Client: 21 Training complete **
05-09 15:51 INFO     Training network 22 n_training: 704
05-09 15:51 INFO     Training network 22
05-09 15:51 INFO     n_training: 11
05-09 15:51 INFO     Client: 22 Epoch: 0 Loss: 5.5841920592568135
05-09 15:51 INFO     Client: 22 Epoch: 1 Loss: 5.169409838589755
05-09 15:51 INFO     Client: 22 Epoch: 2 Loss: 4.756697611375288
05-09 15:51 INFO     Client: 22 Epoch: 3 Loss: 4.276410146193071
05-09 15:51 INFO     Client: 22 Epoch: 4 Loss: 3.8081128163771196
05-09 15:51 INFO      ** Client: 22 Training complete **
05-09 15:51 INFO     Training network 23 n_training: 1062
05-09 15:51 INFO     Training network 23
05-09 15:51 INFO     n_training: 16
05-09 15:51 INFO     Client: 23 Epoch: 0 Loss: 5.590161949396133
05-09 15:51 INFO     Client: 23 Epoch: 1 Loss: 4.694624960422516
05-09 15:51 INFO     Client: 23 Epoch: 2 Loss: 3.5586659759283066
05-09 15:51 INFO     Client: 23 Epoch: 3 Loss: 2.5898724496364594
05-09 15:51 INFO     Client: 23 Epoch: 4 Loss: 2.0070634186267853
05-09 15:51 INFO      ** Client: 23 Training complete **
05-09 15:51 INFO     Training network 24 n_training: 977
05-09 15:51 INFO     Training network 24
05-09 15:51 INFO     n_training: 15
05-09 15:51 INFO     Client: 24 Epoch: 0 Loss: 5.722538026173909
05-09 15:51 INFO     Client: 24 Epoch: 1 Loss: 5.114155038197835
05-09 15:51 INFO     Client: 24 Epoch: 2 Loss: 4.481128787994384
05-09 15:51 INFO     Client: 24 Epoch: 3 Loss: 3.706610933939616
05-09 15:51 INFO     Client: 24 Epoch: 4 Loss: 2.996503702799479
05-09 15:51 INFO      ** Client: 24 Training complete **
05-09 15:51 INFO     Training network 25 n_training: 1161
05-09 15:51 INFO     Training network 25
05-09 15:51 INFO     n_training: 18
05-09 15:51 INFO     Client: 25 Epoch: 0 Loss: 5.875254763497247
05-09 15:51 INFO     Client: 25 Epoch: 1 Loss: 5.134613143073188
05-09 15:51 INFO     Client: 25 Epoch: 2 Loss: 4.311372293366326
05-09 15:51 INFO     Client: 25 Epoch: 3 Loss: 3.3774043718973794
05-09 15:51 INFO     Client: 25 Epoch: 4 Loss: 2.612612658076816
05-09 15:51 INFO      ** Client: 25 Training complete **
05-09 15:51 INFO     Training network 26 n_training: 1486
05-09 15:51 INFO     Training network 26
05-09 15:51 INFO     n_training: 23
05-09 15:51 INFO     Client: 26 Epoch: 0 Loss: 5.270080234693444
05-09 15:51 INFO     Client: 26 Epoch: 1 Loss: 3.8491908156353496
05-09 15:51 INFO     Client: 26 Epoch: 2 Loss: 2.730679584586102
05-09 15:51 INFO     Client: 26 Epoch: 3 Loss: 2.116248949714329
05-09 15:51 INFO     Client: 26 Epoch: 4 Loss: 1.8073109543841819
05-09 15:51 INFO      ** Client: 26 Training complete **
05-09 15:51 INFO     Training network 27 n_training: 1029
05-09 15:51 INFO     Training network 27
05-09 15:51 INFO     n_training: 16
05-09 15:51 INFO     Client: 27 Epoch: 0 Loss: 5.937817394733429
05-09 15:51 INFO     Client: 27 Epoch: 1 Loss: 5.385558158159256
05-09 15:51 INFO     Client: 27 Epoch: 2 Loss: 4.895950645208359
05-09 15:51 INFO     Client: 27 Epoch: 3 Loss: 4.137259885668755
05-09 15:51 INFO     Client: 27 Epoch: 4 Loss: 3.313135027885437
05-09 15:51 INFO      ** Client: 27 Training complete **
05-09 15:51 INFO     Training network 28 n_training: 1070
05-09 15:51 INFO     Training network 28
05-09 15:51 INFO     n_training: 16
05-09 15:51 INFO     Client: 28 Epoch: 0 Loss: 5.601804703474045
05-09 15:51 INFO     Client: 28 Epoch: 1 Loss: 4.476912975311279
05-09 15:51 INFO     Client: 28 Epoch: 2 Loss: 3.2893091440200806
05-09 15:51 INFO     Client: 28 Epoch: 3 Loss: 2.4614489749073982
05-09 15:51 INFO     Client: 28 Epoch: 4 Loss: 2.0382268875837326
05-09 15:51 INFO      ** Client: 28 Training complete **
05-09 15:51 INFO     Training network 29 n_training: 698
05-09 15:51 INFO     Training network 29
05-09 15:51 INFO     n_training: 10
05-09 15:51 INFO     Client: 29 Epoch: 0 Loss: 5.811756706237793
05-09 15:51 INFO     Client: 29 Epoch: 1 Loss: 5.29797134399414
05-09 15:51 INFO     Client: 29 Epoch: 2 Loss: 4.766541624069214
05-09 15:51 INFO     Client: 29 Epoch: 3 Loss: 4.055178761482239
05-09 15:51 INFO     Client: 29 Epoch: 4 Loss: 3.0930275201797484
05-09 15:51 INFO      ** Client: 29 Training complete **
05-09 15:51 INFO     Training network 30 n_training: 1479
05-09 15:51 INFO     Training network 30
05-09 15:51 INFO     n_training: 23
05-09 15:51 INFO     Client: 30 Epoch: 0 Loss: 5.703270849974259
05-09 15:51 INFO     Client: 30 Epoch: 1 Loss: 4.548866292704707
05-09 15:51 INFO     Client: 30 Epoch: 2 Loss: 3.0807604167772378
05-09 15:51 INFO     Client: 30 Epoch: 3 Loss: 2.0909433572188667
05-09 15:51 INFO     Client: 30 Epoch: 4 Loss: 1.6022686440011729
05-09 15:51 INFO      ** Client: 30 Training complete **
05-09 15:51 INFO     Training network 31 n_training: 1188
05-09 15:51 INFO     Training network 31
05-09 15:51 INFO     n_training: 18
05-09 15:51 INFO     Client: 31 Epoch: 0 Loss: 5.721028248469035
05-09 15:51 INFO     Client: 31 Epoch: 1 Loss: 5.011787626478407
05-09 15:51 INFO     Client: 31 Epoch: 2 Loss: 4.132903046078152
05-09 15:51 INFO     Client: 31 Epoch: 3 Loss: 3.2034723891152277
05-09 15:51 INFO     Client: 31 Epoch: 4 Loss: 2.4915624062220254
05-09 15:51 INFO      ** Client: 31 Training complete **
05-09 15:51 INFO     Training network 32 n_training: 1386
05-09 15:51 INFO     Training network 32
05-09 15:51 INFO     n_training: 21
05-09 15:51 INFO     Client: 32 Epoch: 0 Loss: 5.665406499590192
05-09 15:51 INFO     Client: 32 Epoch: 1 Loss: 4.5012399923233755
05-09 15:51 INFO     Client: 32 Epoch: 2 Loss: 3.3439065501803444
05-09 15:51 INFO     Client: 32 Epoch: 3 Loss: 2.7137180964152017
05-09 15:51 INFO     Client: 32 Epoch: 4 Loss: 2.35081224214463
05-09 15:51 INFO      ** Client: 32 Training complete **
05-09 15:51 INFO     Training network 33 n_training: 1246
05-09 15:51 INFO     Training network 33
05-09 15:51 INFO     n_training: 19
05-09 15:51 INFO     Client: 33 Epoch: 0 Loss: 5.6503276573984245
05-09 15:52 INFO     Client: 33 Epoch: 1 Loss: 4.439991637280113
05-09 15:52 INFO     Client: 33 Epoch: 2 Loss: 3.1884767256285014
05-09 15:52 INFO     Client: 33 Epoch: 3 Loss: 2.352146443567778
05-09 15:52 INFO     Client: 33 Epoch: 4 Loss: 2.043043952239187
05-09 15:52 INFO      ** Client: 33 Training complete **
05-09 15:52 INFO     Training network 34 n_training: 1009
05-09 15:52 INFO     Training network 34
05-09 15:52 INFO     n_training: 15
05-09 15:52 INFO     Client: 34 Epoch: 0 Loss: 5.703413295745849
05-09 15:52 INFO     Client: 34 Epoch: 1 Loss: 5.145198885599772
05-09 15:52 INFO     Client: 34 Epoch: 2 Loss: 4.465340264638265
05-09 15:52 INFO     Client: 34 Epoch: 3 Loss: 3.6447540124257407
05-09 15:52 INFO     Client: 34 Epoch: 4 Loss: 2.9801994800567626
05-09 15:52 INFO      ** Client: 34 Training complete **
05-09 15:52 INFO     Training network 35 n_training: 852
05-09 15:52 INFO     Training network 35
05-09 15:52 INFO     n_training: 13
05-09 15:52 INFO     Client: 35 Epoch: 0 Loss: 5.522547171666072
05-09 15:52 INFO     Client: 35 Epoch: 1 Loss: 4.673623048342192
05-09 15:52 INFO     Client: 35 Epoch: 2 Loss: 3.7410287857055664
05-09 15:52 INFO     Client: 35 Epoch: 3 Loss: 2.665326182658856
05-09 15:52 INFO     Client: 35 Epoch: 4 Loss: 2.115239299260653
05-09 15:52 INFO      ** Client: 35 Training complete **
05-09 15:52 INFO     Training network 36 n_training: 450
05-09 15:52 INFO     Training network 36
05-09 15:52 INFO     n_training: 7
05-09 15:52 INFO     Client: 36 Epoch: 0 Loss: 5.703367301395962
05-09 15:52 INFO     Client: 36 Epoch: 1 Loss: 5.061989648001535
05-09 15:52 INFO     Client: 36 Epoch: 2 Loss: 4.416633742196219
05-09 15:52 INFO     Client: 36 Epoch: 3 Loss: 3.5742793764386858
05-09 15:52 INFO     Client: 36 Epoch: 4 Loss: 2.9038152354104176
05-09 15:52 INFO      ** Client: 36 Training complete **
05-09 15:52 INFO     Training network 37 n_training: 1394
05-09 15:52 INFO     Training network 37
05-09 15:52 INFO     n_training: 21
05-09 15:52 INFO     Client: 37 Epoch: 0 Loss: 5.524574643089657
05-09 15:52 INFO     Client: 37 Epoch: 1 Loss: 4.5909193356831866
05-09 15:52 INFO     Client: 37 Epoch: 2 Loss: 3.4937585308438255
05-09 15:52 INFO     Client: 37 Epoch: 3 Loss: 2.6397890476953414
05-09 15:52 INFO     Client: 37 Epoch: 4 Loss: 2.0938148895899453
05-09 15:52 INFO      ** Client: 37 Training complete **
05-09 15:52 INFO     Training network 38 n_training: 1005
05-09 15:52 INFO     Training network 38
05-09 15:52 INFO     n_training: 15
05-09 15:52 INFO     Client: 38 Epoch: 0 Loss: 5.418703269958496
05-09 15:52 INFO     Client: 38 Epoch: 1 Loss: 4.165863466262818
05-09 15:52 INFO     Client: 38 Epoch: 2 Loss: 2.785419464111328
05-09 15:52 INFO     Client: 38 Epoch: 3 Loss: 2.131560293833415
05-09 15:52 INFO     Client: 38 Epoch: 4 Loss: 1.7885841687520345
05-09 15:52 INFO      ** Client: 38 Training complete **
05-09 15:52 INFO     Training network 39 n_training: 1105
05-09 15:52 INFO     Training network 39
05-09 15:52 INFO     n_training: 17
05-09 15:52 INFO     Client: 39 Epoch: 0 Loss: 5.618421582614674
05-09 15:52 INFO     Client: 39 Epoch: 1 Loss: 4.684944405275233
05-09 15:52 INFO     Client: 39 Epoch: 2 Loss: 3.4744364233577953
05-09 15:52 INFO     Client: 39 Epoch: 3 Loss: 2.2888950319851147
05-09 15:52 INFO     Client: 39 Epoch: 4 Loss: 1.8092337916879093
05-09 15:52 INFO      ** Client: 39 Training complete **
05-09 15:52 INFO     Training network 40 n_training: 1040
05-09 15:52 INFO     Training network 40
05-09 15:52 INFO     n_training: 16
05-09 15:52 INFO     Client: 40 Epoch: 0 Loss: 5.719163805246353
05-09 15:52 INFO     Client: 40 Epoch: 1 Loss: 5.23048722743988
05-09 15:52 INFO     Client: 40 Epoch: 2 Loss: 4.603172540664673
05-09 15:52 INFO     Client: 40 Epoch: 3 Loss: 3.7381526827812195
05-09 15:52 INFO     Client: 40 Epoch: 4 Loss: 3.1464100182056427
05-09 15:52 INFO      ** Client: 40 Training complete **
05-09 15:52 INFO     Training network 41 n_training: 980
05-09 15:52 INFO     Training network 41
05-09 15:52 INFO     n_training: 15
05-09 15:52 INFO     Client: 41 Epoch: 0 Loss: 5.920273113250732
05-09 15:52 INFO     Client: 41 Epoch: 1 Loss: 4.576693900426229
05-09 15:52 INFO     Client: 41 Epoch: 2 Loss: 2.7003394603729247
05-09 15:52 INFO     Client: 41 Epoch: 3 Loss: 1.4108535687128703
05-09 15:52 INFO     Client: 41 Epoch: 4 Loss: 1.2000019311904908
05-09 15:52 INFO      ** Client: 41 Training complete **
05-09 15:52 INFO     Training network 42 n_training: 1083
05-09 15:52 INFO     Training network 42
05-09 15:52 INFO     n_training: 16
05-09 15:52 INFO     Client: 42 Epoch: 0 Loss: 5.694568932056427
05-09 15:52 INFO     Client: 42 Epoch: 1 Loss: 4.722193241119385
05-09 15:52 INFO     Client: 42 Epoch: 2 Loss: 3.6184531897306442
05-09 15:52 INFO     Client: 42 Epoch: 3 Loss: 2.851491868495941
05-09 15:52 INFO     Client: 42 Epoch: 4 Loss: 2.3690342232584953
05-09 15:52 INFO      ** Client: 42 Training complete **
05-09 15:52 INFO     Training network 43 n_training: 1046
05-09 15:52 INFO     Training network 43
05-09 15:52 INFO     n_training: 16
05-09 15:52 INFO     Client: 43 Epoch: 0 Loss: 5.4014162719249725
05-09 15:52 INFO     Client: 43 Epoch: 1 Loss: 3.666615456342697
05-09 15:52 INFO     Client: 43 Epoch: 2 Loss: 2.1324948742985725
05-09 15:52 INFO     Client: 43 Epoch: 3 Loss: 1.5087622329592705
05-09 15:52 INFO     Client: 43 Epoch: 4 Loss: 1.1331929415464401
05-09 15:52 INFO      ** Client: 43 Training complete **
05-09 15:52 INFO     Training network 44 n_training: 1027
05-09 15:52 INFO     Training network 44
05-09 15:52 INFO     n_training: 16
05-09 15:52 INFO     Client: 44 Epoch: 0 Loss: 5.931359589099884
05-09 15:52 INFO     Client: 44 Epoch: 1 Loss: 5.130506366491318
05-09 15:52 INFO     Client: 44 Epoch: 2 Loss: 4.1356842666864395
05-09 15:52 INFO     Client: 44 Epoch: 3 Loss: 2.868282288312912
05-09 15:52 INFO     Client: 44 Epoch: 4 Loss: 2.4184300899505615
05-09 15:52 INFO      ** Client: 44 Training complete **
05-09 15:52 INFO     Training network 45 n_training: 1048
05-09 15:52 INFO     Training network 45
05-09 15:52 INFO     n_training: 16
05-09 15:52 INFO     Client: 45 Epoch: 0 Loss: 5.774479180574417
05-09 15:52 INFO     Client: 45 Epoch: 1 Loss: 5.159818708896637
05-09 15:52 INFO     Client: 45 Epoch: 2 Loss: 4.371714636683464
05-09 15:52 INFO     Client: 45 Epoch: 3 Loss: 3.4653664976358414
05-09 15:52 INFO     Client: 45 Epoch: 4 Loss: 2.664069026708603
05-09 15:52 INFO      ** Client: 45 Training complete **
05-09 15:52 INFO     Training network 46 n_training: 831
05-09 15:52 INFO     Training network 46
05-09 15:52 INFO     n_training: 12
05-09 15:52 INFO     Client: 46 Epoch: 0 Loss: 5.822717348734538
05-09 15:52 INFO     Client: 46 Epoch: 1 Loss: 5.312190135320027
05-09 15:52 INFO     Client: 46 Epoch: 2 Loss: 4.847334980964661
05-09 15:52 INFO     Client: 46 Epoch: 3 Loss: 4.164069771766663
05-09 15:52 INFO     Client: 46 Epoch: 4 Loss: 3.4715205232302346
05-09 15:52 INFO      ** Client: 46 Training complete **
05-09 15:52 INFO     Training network 47 n_training: 1073
05-09 15:52 INFO     Training network 47
05-09 15:52 INFO     n_training: 16
05-09 15:52 INFO     Client: 47 Epoch: 0 Loss: 5.6747569143772125
05-09 15:53 INFO     Client: 47 Epoch: 1 Loss: 4.909965515136719
05-09 15:53 INFO     Client: 47 Epoch: 2 Loss: 3.8021820336580276
05-09 15:53 INFO     Client: 47 Epoch: 3 Loss: 2.9104354679584503
05-09 15:53 INFO     Client: 47 Epoch: 4 Loss: 2.351738467812538
05-09 15:53 INFO      ** Client: 47 Training complete **
05-09 15:53 INFO     Training network 48 n_training: 1245
05-09 15:53 INFO     Training network 48
05-09 15:53 INFO     n_training: 19
05-09 15:53 INFO     Client: 48 Epoch: 0 Loss: 5.840915403868022
05-09 15:53 INFO     Client: 48 Epoch: 1 Loss: 5.2546225096050065
05-09 15:53 INFO     Client: 48 Epoch: 2 Loss: 4.486430670085706
05-09 15:53 INFO     Client: 48 Epoch: 3 Loss: 3.4660118881024813
05-09 15:53 INFO     Client: 48 Epoch: 4 Loss: 2.741654960732711
05-09 15:53 INFO      ** Client: 48 Training complete **
05-09 15:53 INFO     Training network 49 n_training: 1132
05-09 15:53 INFO     Training network 49
05-09 15:53 INFO     n_training: 17
05-09 15:53 INFO     Client: 49 Epoch: 0 Loss: 5.799408295575311
05-09 15:53 INFO     Client: 49 Epoch: 1 Loss: 5.246579058030072
05-09 15:53 INFO     Client: 49 Epoch: 2 Loss: 4.501796441919663
05-09 15:53 INFO     Client: 49 Epoch: 3 Loss: 3.427891254425049
05-09 15:53 INFO     Client: 49 Epoch: 4 Loss: 2.5472585313460407
05-09 15:53 INFO      ** Client: 49 Training complete **
05-09 15:53 INFO     Training network 50 n_training: 1055
05-09 15:53 INFO     Training network 50
05-09 15:53 INFO     n_training: 16
05-09 15:53 INFO     Client: 50 Epoch: 0 Loss: 5.753748446702957
05-09 15:53 INFO     Client: 50 Epoch: 1 Loss: 5.145070910453796
05-09 15:53 INFO     Client: 50 Epoch: 2 Loss: 4.365818753838539
05-09 15:53 INFO     Client: 50 Epoch: 3 Loss: 3.314795106649399
05-09 15:53 INFO     Client: 50 Epoch: 4 Loss: 2.661491021513939
05-09 15:53 INFO      ** Client: 50 Training complete **
05-09 15:53 INFO     Training network 51 n_training: 1150
05-09 15:53 INFO     Training network 51
05-09 15:53 INFO     n_training: 17
05-09 15:53 INFO     Client: 51 Epoch: 0 Loss: 6.03310355018167
05-09 15:53 INFO     Client: 51 Epoch: 1 Loss: 5.35510570862714
05-09 15:53 INFO     Client: 51 Epoch: 2 Loss: 4.670634606305291
05-09 15:53 INFO     Client: 51 Epoch: 3 Loss: 3.512290730195887
05-09 15:53 INFO     Client: 51 Epoch: 4 Loss: 2.366158169858596
05-09 15:53 INFO      ** Client: 51 Training complete **
05-09 15:53 INFO     Training network 52 n_training: 1094
05-09 15:53 INFO     Training network 52
05-09 15:53 INFO     n_training: 17
05-09 15:53 INFO     Client: 52 Epoch: 0 Loss: 6.1034652766059425
05-09 15:53 INFO     Client: 52 Epoch: 1 Loss: 5.513977976406322
05-09 15:53 INFO     Client: 52 Epoch: 2 Loss: 4.798111046061797
05-09 15:53 INFO     Client: 52 Epoch: 3 Loss: 3.606721990248736
05-09 15:53 INFO     Client: 52 Epoch: 4 Loss: 2.33610597077538
05-09 15:53 INFO      ** Client: 52 Training complete **
05-09 15:53 INFO     Training network 53 n_training: 1094
05-09 15:53 INFO     Training network 53
05-09 15:53 INFO     n_training: 17
05-09 15:53 INFO     Client: 53 Epoch: 0 Loss: 5.624844494987936
05-09 15:53 INFO     Client: 53 Epoch: 1 Loss: 4.836877850925221
05-09 15:53 INFO     Client: 53 Epoch: 2 Loss: 3.7588657912086036
05-09 15:53 INFO     Client: 53 Epoch: 3 Loss: 2.654787077623255
05-09 15:53 INFO     Client: 53 Epoch: 4 Loss: 2.145766629892237
