05-09 15:48 INFO     cuda
05-09 15:48 INFO     Command Line Arguments: 
{
    "epochs": 5,
    "comm_round": 300,
    "sample_fraction": 1.0,
    "alpha": 0.01,
    "dataset": "tinyimagenet",
    "datadir": "../data/",
    "partition": "noniid-labeldir",
    "alg": "sflv2",
    "model": "resnet-50",
    "split_layer": 3,
    "n_parties": 100,
    "lr": 0.001,
    "mu": 1,
    "std_coeff": 2.5,
    "unif_coeff": 0.5,
    "batch_size": 64,
    "load_first_net": 1,
    "pool_option": "FIFO",
    "model_buffer_size": 1,
    "optimizer": "adam",
    "simp_width": 1,
    "out_dim": 256,
    "reg": 0.0005,
    "temperature": 0.5,
    "logdir": "./",
    "log_file_name": "logs/experiment_log-alg=sflv2_partition=noniid-labeldir_lr=0.001_epochs=5_num_users=100_beta=0.01_batch_size=64_opt=adam_dataset=tinyimagenet_2024-05-09-1548-40",
    "seed": 1,
    "device": "cuda:2",
    "accuracies_file": "logs/resnet_50_tinyimagenet.csv",
    "dont_skip": false,
    "n_train_workers": 1,
    "n_test_workers": 1,
    "arch": "mobilenet_v3_large",
    "multiprocessing": 0
}
05-09 15:48 INFO     Data statistics: {0: {13: 2, 37: 194, 41: 264, 55: 82, 77: 272, 80: 1, 83: 50, 91: 1, 95: 176}, 1: {1: 268, 3: 295, 14: 1, 29: 1, 32: 1, 33: 280, 38: 16, 46: 7, 54: 123, 60: 448}, 2: {74: 5, 88: 2, 101: 22, 135: 7, 141: 20, 142: 331, 152: 122, 158: 423, 164: 343}, 3: {11: 3, 22: 98, 28: 47, 36: 7, 73: 12, 92: 105, 99: 40, 103: 141, 107: 6, 109: 47, 110: 2, 132: 52, 147: 66, 169: 84, 190: 4, 198: 62}, 4: {10: 28, 21: 465, 36: 193, 39: 382}, 5: {55: 13, 86: 2, 91: 76, 93: 338, 107: 1, 108: 2, 113: 1, 115: 85, 119: 4, 186: 498}, 6: {20: 4, 31: 10, 40: 1, 58: 72, 92: 119, 100: 13, 116: 24, 173: 374, 177: 1, 187: 38}, 7: {54: 347, 67: 365, 75: 95, 92: 49, 93: 150}, 8: {3: 198, 26: 154, 44: 22, 72: 97, 89: 1, 103: 3, 133: 29, 167: 2, 168: 384, 175: 299}, 9: {13: 3, 44: 192, 49: 228, 63: 9, 88: 301, 131: 460}, 10: {2: 2, 35: 460, 55: 12, 65: 230, 76: 395}, 11: {2: 3, 9: 401, 18: 11, 29: 155, 53: 5, 66: 92, 73: 345}, 12: {2: 2, 28: 1, 36: 11, 47: 37, 51: 389, 58: 1, 88: 1, 96: 419, 107: 157}, 13: {7: 440, 32: 25, 33: 4, 42: 124, 47: 407}, 14: {31: 28, 56: 444, 57: 111, 73: 10, 75: 5, 95: 75, 121: 419}, 15: {13: 1, 42: 11, 69: 338, 80: 117, 86: 446, 113: 451}, 16: {2: 9, 9: 11, 48: 6, 60: 1, 62: 348, 63: 16, 86: 20, 114: 30, 115: 188, 123: 12, 142: 21, 145: 140, 147: 8, 148: 277}, 17: {2: 47, 22: 369, 32: 9, 42: 10, 75: 34, 95: 88, 112: 40, 116: 45, 119: 1, 145: 2, 150: 98, 163: 5, 179: 42, 196: 3}, 18: {30: 1, 46: 3, 50: 304, 63: 329, 73: 3, 117: 26, 145: 294, 163: 6, 167: 1, 181: 294}, 19: {8: 20, 24: 1, 33: 1, 39: 42, 55: 2, 75: 360, 93: 1, 126: 137, 128: 3, 145: 56, 150: 1, 164: 38, 166: 363}, 20: {14: 143, 39: 59, 58: 2, 60: 2, 65: 157, 110: 1, 125: 3, 136: 11, 142: 147, 167: 55, 168: 1, 172: 250, 174: 5}, 21: {9: 36, 21: 1, 30: 4, 66: 1, 109: 1, 127: 259, 152: 3, 164: 63}, 22: {26: 121, 28: 139, 68: 11, 96: 2, 109: 97, 112: 169, 114: 13, 127: 40, 148: 1, 150: 23, 156: 88}, 23: {8: 2, 14: 11, 32: 1, 38: 69, 62: 150, 78: 13, 80: 19, 104: 498, 110: 299}, 24: {7: 5, 17: 6, 24: 1, 30: 1, 76: 13, 86: 12, 88: 11, 109: 106, 123: 4, 130: 299, 133: 1, 138: 5, 148: 53, 152: 1, 158: 76, 163: 320, 176: 63}, 25: {11: 91, 16: 432, 24: 6, 33: 15, 36: 107, 54: 5, 82: 165, 96: 24, 106: 12, 114: 9, 116: 2, 156: 2, 167: 2, 169: 5, 174: 284}, 26: {4: 2, 26: 131, 38: 198, 44: 139, 68: 1, 69: 3, 91: 2, 106: 1, 113: 8, 156: 342, 157: 48, 160: 43, 161: 65, 188: 4, 197: 499}, 27: {2: 2, 17: 9, 40: 53, 83: 163, 90: 2, 91: 49, 102: 10, 119: 4, 147: 10, 157: 102, 180: 477, 193: 148}, 28: {1: 203, 13: 11, 27: 5, 33: 3, 67: 25, 91: 9, 113: 1, 117: 289, 122: 1, 129: 20, 137: 48, 148: 37, 179: 418}, 29: {21: 24, 22: 1, 38: 5, 65: 32, 85: 10, 87: 2, 107: 1, 123: 471, 129: 11, 137: 4, 138: 26, 150: 106, 175: 2, 196: 3}, 30: {17: 445, 42: 1, 46: 35, 55: 385, 72: 1, 88: 1, 95: 101, 97: 2, 101: 7, 115: 16, 120: 3, 171: 482}, 31: {5: 2, 15: 3, 24: 11, 36: 41, 38: 1, 56: 1, 78: 8, 87: 1, 101: 462, 114: 69, 132: 264, 137: 325}, 32: {1: 1, 31: 2, 49: 58, 51: 1, 59: 71, 60: 31, 94: 1, 98: 78, 111: 8, 116: 164, 136: 1, 152: 344, 159: 21, 165: 10, 171: 15, 182: 94, 188: 486}, 33: {22: 7, 45: 66, 61: 33, 68: 1, 79: 4, 83: 137, 103: 301, 115: 106, 125: 2, 136: 41, 141: 14, 144: 1, 150: 1, 162: 7, 168: 12, 177: 35, 187: 3, 188: 9, 189: 466}, 34: {4: 169, 17: 26, 24: 6, 25: 11, 48: 37, 58: 1, 66: 15, 79: 54, 95: 56, 112: 6, 115: 13, 138: 192, 146: 2, 153: 13, 169: 408}, 35: {13: 1, 42: 17, 96: 4, 120: 54, 123: 8, 129: 170, 150: 213, 156: 2, 196: 383}, 36: {7: 1, 28: 252, 29: 44, 43: 2, 82: 16, 90: 116, 98: 7, 112: 5, 150: 2, 185: 5}, 37: {13: 223, 23: 79, 32: 367, 66: 112, 99: 4, 126: 1, 127: 147, 132: 39, 136: 422}, 38: {34: 428, 60: 9, 64: 42, 94: 182, 97: 40, 108: 20, 129: 284}, 39: {5: 1, 19: 76, 27: 1, 28: 14, 40: 323, 46: 1, 65: 5, 83: 22, 90: 1, 94: 166, 100: 1, 118: 494}, 40: {7: 52, 36: 4, 43: 73, 64: 5, 66: 1, 92: 210, 101: 1, 109: 242, 110: 80, 111: 301, 119: 1, 152: 28, 163: 42}, 41: {0: 458, 4: 2, 16: 11, 18: 5, 74: 2, 75: 1, 93: 1, 123: 2, 153: 408, 174: 90}, 42: {6: 25, 17: 8, 33: 13, 38: 210, 57: 34, 95: 1, 102: 296, 103: 1, 106: 1, 122: 67, 124: 6, 126: 15, 149: 1, 159: 1, 176: 404}, 43: {12: 1, 23: 411, 39: 10, 72: 156, 79: 4, 89: 1, 102: 2, 121: 1, 153: 33, 154: 427}, 44: {59: 4, 67: 1, 74: 16, 76: 1, 79: 2, 98: 7, 105: 107, 106: 25, 131: 16, 134: 19, 174: 3, 175: 52, 183: 429, 193: 345}, 45: {32: 8, 54: 24, 79: 334, 83: 1, 89: 363, 122: 1, 130: 3, 168: 1, 177: 39, 181: 191, 187: 83}, 46: {14: 16, 15: 1, 42: 42, 69: 5, 97: 45, 107: 8, 114: 6, 116: 108, 124: 69, 126: 116, 147: 371, 164: 44}, 47: {37: 92, 60: 2, 85: 47, 86: 1, 96: 3, 97: 45, 102: 167, 106: 234, 109: 1, 118: 3, 143: 7, 148: 4, 162: 467}, 48: {6: 87, 12: 335, 15: 1, 27: 1, 44: 2, 47: 9, 74: 1, 75: 4, 77: 99, 79: 7, 80: 159, 96: 42, 130: 22, 131: 23, 160: 453}, 49: {69: 5, 80: 28, 96: 2, 98: 49, 105: 338, 110: 3, 135: 483, 141: 224}, 50: {35: 36, 40: 7, 41: 37, 47: 1, 48: 431, 51: 3, 59: 2, 66: 24, 69: 7, 80: 3, 103: 47, 110: 34, 122: 423}, 51: {2: 88, 3: 6, 37: 31, 45: 2, 65: 4, 74: 465, 110: 32, 125: 1, 130: 49, 139: 1, 151: 471}, 52: {33: 101, 36: 3, 86: 2, 120: 3, 141: 1, 159: 5, 176: 27, 180: 15, 193: 6, 194: 494, 195: 437}, 53: {2: 19, 37: 14, 41: 29, 42: 17, 60: 4, 91: 50, 97: 321, 120: 439, 125: 1, 139: 1, 141: 1, 150: 55, 151: 7, 166: 136}, 54: {12: 1, 18: 14, 21: 1, 31: 459, 52: 382, 57: 18, 70: 1, 145: 1, 154: 33, 159: 3, 163: 95}, 55: {5: 356, 15: 321, 20: 1, 30: 93, 44: 30, 52: 117, 86: 7, 98: 358}, 56: {9: 3, 16: 30, 37: 12, 64: 226, 69: 50, 81: 113, 82: 2, 85: 306, 112: 10, 123: 2, 126: 186, 140: 42, 164: 1, 172: 2, 191: 499}, 57: {4: 2, 7: 1, 29: 1, 30: 370, 81: 18, 88: 86, 111: 19, 116: 5, 134: 57, 141: 2, 155: 13, 163: 30, 198: 8}, 58: {10: 1, 30: 3, 43: 279, 82: 23, 85: 56, 115: 2, 117: 11, 124: 1, 125: 1, 126: 44, 129: 2, 136: 1, 148: 17, 153: 4, 159: 99, 162: 17, 185: 492}, 59: {33: 73, 41: 2, 57: 1, 94: 1, 118: 2, 121: 3, 130: 6, 132: 143, 159: 2, 178: 499, 189: 32}, 60: {5: 2, 14: 212, 40: 11, 49: 7, 50: 1, 53: 486, 56: 39, 57: 26, 68: 23, 69: 1, 91: 21, 94: 1, 95: 2, 134: 34, 143: 41, 155: 399}, 61: {8: 442, 40: 1, 41: 1, 86: 4, 104: 1, 121: 6, 154: 7, 165: 233}, 62: {2: 37, 8: 1, 11: 4, 28: 46, 33: 9, 80: 2, 108: 25, 111: 12, 149: 136, 161: 411, 167: 439}, 63: {0: 1, 19: 4, 53: 2, 65: 45, 76: 54, 99: 134, 101: 2, 168: 1, 169: 2, 195: 57}, 64: {21: 1, 26: 88, 44: 114, 51: 1, 60: 1, 71: 7, 127: 2, 133: 8, 138: 1, 139: 47, 141: 1, 172: 247, 195: 5, 198: 2}, 65: {8: 34, 18: 22, 20: 1, 42: 274, 48: 14, 56: 9, 58: 244, 77: 1, 105: 50, 117: 5, 129: 12, 139: 112, 146: 216, 149: 306}, 66: {16: 5, 20: 109, 25: 486, 47: 7, 66: 8, 71: 1, 87: 495}, 67: {24: 34, 67: 23, 99: 297, 139: 36, 140: 74, 157: 312, 168: 10, 173: 125, 182: 2, 187: 56, 190: 495}, 68: {24: 433, 32: 7, 70: 334, 79: 1, 88: 1, 102: 23, 121: 45, 154: 30, 170: 454}, 69: {13: 42, 40: 103, 64: 182, 83: 65, 85: 54, 93: 8, 146: 116, 152: 1, 159: 242, 168: 53, 184: 110}, 70: {1: 1, 12: 158, 21: 4, 55: 4, 56: 6, 66: 49, 68: 1, 73: 24, 84: 426, 102: 1, 113: 38, 119: 2, 121: 6, 137: 122, 141: 7, 146: 165}, 71: {1: 25, 42: 2, 47: 1, 114: 34, 144: 357, 170: 1, 185: 1}, 72: {5: 98, 12: 3, 37: 47, 48: 1, 92: 2, 112: 194, 115: 1, 134: 300, 138: 247, 140: 383}, 73: {2: 286, 10: 66, 15: 160, 17: 5, 21: 3, 26: 5, 47: 4, 49: 206, 76: 23, 105: 4, 121: 3, 134: 89, 143: 441}, 74: {0: 9, 9: 48, 10: 327, 50: 147, 58: 179, 72: 217, 79: 17, 88: 96}, 75: {41: 7, 66: 197, 69: 33, 72: 26, 73: 105, 78: 300, 80: 170, 82: 293}, 76: {4: 2, 5: 40, 24: 1, 64: 33, 74: 1, 109: 1, 116: 151, 124: 422, 127: 4, 139: 302, 176: 5, 179: 6, 180: 1}, 77: {22: 24, 29: 1, 50: 16, 60: 1, 67: 85, 70: 105, 84: 68, 91: 14, 100: 219, 106: 24, 145: 3, 157: 37, 165: 180}, 78: {16: 21, 18: 88, 45: 420, 61: 231, 78: 79, 79: 76, 89: 57, 127: 18, 144: 78}, 79: {32: 7, 41: 150, 45: 7, 46: 1, 90: 124, 117: 7, 125: 245, 133: 461}, 80: {0: 14, 13: 12, 19: 20, 43: 4, 64: 10, 84: 4, 86: 2, 92: 14, 110: 48, 159: 12, 181: 2, 186: 1}, 81: {37: 1, 70: 1, 71: 103, 85: 18, 86: 3, 91: 156, 97: 46, 99: 17, 106: 40, 107: 129, 115: 54, 125: 246, 128: 18, 143: 8, 148: 15, 182: 403}, 82: {32: 48, 57: 309, 89: 77, 112: 75, 119: 7, 128: 478, 165: 76}, 83: {15: 12, 37: 1, 65: 12, 68: 271, 84: 1, 85: 8, 111: 159, 122: 7, 130: 120, 144: 63, 162: 1, 163: 1, 170: 35, 174: 117, 175: 146}, 84: {4: 322, 14: 116, 35: 3, 36: 122, 62: 1, 77: 93, 135: 1, 143: 2, 145: 3, 155: 87, 185: 1, 192: 499}, 85: {15: 1, 36: 7, 59: 2, 61: 190, 70: 7, 94: 58, 109: 4, 121: 12, 184: 323}, 86: {6: 278, 11: 401, 20: 384}, 87: {46: 405, 53: 6, 76: 13, 108: 452, 121: 3, 127: 29, 151: 1, 159: 114}, 88: {39: 6, 47: 15, 50: 2, 59: 112, 70: 51, 71: 9, 77: 34, 83: 61, 106: 162, 117: 146, 135: 4, 138: 28, 143: 1, 147: 44, 148: 95, 160: 3, 161: 1, 178: 1}, 89: {23: 9, 27: 378, 46: 47, 71: 373, 115: 34, 117: 15, 128: 1, 180: 6, 194: 6}, 90: {23: 1, 29: 298, 36: 4, 43: 141, 61: 45, 64: 1, 93: 1, 108: 1, 114: 338, 119: 364}, 91: {10: 18, 19: 399, 69: 55, 74: 9, 78: 1, 103: 6, 162: 7, 196: 7, 199: 499}, 92: {18: 322, 32: 6, 34: 70, 48: 3, 68: 191, 72: 2, 74: 1, 101: 6, 107: 37, 137: 1, 141: 40, 156: 65, 164: 10}, 93: {0: 17, 6: 109, 10: 59, 13: 2, 27: 115, 32: 20, 56: 1, 69: 2, 87: 1, 90: 256, 91: 36, 115: 1, 117: 1, 135: 4, 154: 2, 171: 2, 185: 1, 197: 1, 198: 36}, 94: {5: 1, 24: 6, 34: 1, 41: 9, 42: 1, 45: 2, 47: 18, 48: 7, 50: 29, 55: 1, 93: 1, 94: 91, 114: 1, 136: 23, 138: 1, 149: 56, 154: 1, 171: 1, 181: 3, 183: 70, 184: 26, 189: 1}, 95: {57: 1, 85: 1, 91: 83, 99: 7, 113: 1, 119: 116, 121: 1, 130: 1, 141: 189, 163: 1, 181: 1}, 96: {25: 2, 30: 27, 33: 1, 47: 1, 59: 308, 65: 14, 68: 1, 80: 1, 102: 1, 119: 1, 124: 1, 129: 1, 152: 1, 156: 1, 160: 1, 168: 37, 170: 9, 177: 424, 179: 33, 180: 1, 181: 9, 184: 41, 188: 1, 198: 391}, 97: {0: 1, 1: 1, 7: 1, 16: 1, 37: 107, 67: 1, 72: 1, 75: 1, 77: 1, 78: 99, 82: 1, 83: 1, 97: 1, 109: 1, 118: 1, 121: 1, 123: 1, 125: 1, 132: 2, 148: 1, 151: 21, 153: 41, 159: 1, 165: 1, 166: 1, 179: 1, 186: 1, 187: 320, 190: 1, 191: 1, 196: 104}, 98: {4: 1, 13: 202, 14: 1, 21: 1, 22: 1, 30: 1, 31: 1, 45: 3, 46: 1, 49: 1, 59: 1, 63: 145, 65: 1, 70: 1, 71: 7, 79: 1, 81: 368, 84: 1, 90: 1, 91: 2, 96: 3, 100: 267}, 99: {1: 1, 2: 5, 3: 1, 6: 1, 8: 1, 9: 1, 10: 1, 11: 1, 12: 2, 13: 1, 15: 1, 17: 1, 18: 38, 19: 1, 20: 1, 24: 1, 25: 1, 26: 1, 28: 1, 32: 1, 34: 1, 35: 1, 36: 1, 37: 1, 38: 1, 39: 1, 40: 1, 41: 1, 42: 1, 43: 1, 44: 1, 48: 1, 50: 1, 51: 106, 52: 1, 53: 1, 54: 1, 55: 1, 58: 1, 60: 1, 61: 1, 62: 1, 63: 1, 64: 1, 66: 1, 69: 1, 73: 1, 76: 1, 81: 1, 86: 1, 87: 1, 88: 1, 89: 1, 91: 1, 92: 1, 95: 1, 96: 1, 98: 1, 99: 1, 103: 1, 104: 1, 105: 1, 106: 1, 107: 161, 110: 1, 111: 1, 112: 1, 116: 1, 120: 1, 122: 1, 124: 1, 126: 1, 127: 1, 131: 1, 133: 1, 134: 1, 135: 1, 136: 1, 139: 1, 140: 1, 141: 1, 142: 1, 144: 1, 145: 1, 146: 1, 147: 1, 149: 1, 150: 1, 153: 1, 155: 1, 157: 1, 158: 1, 161: 23, 162: 1, 164: 1, 167: 1, 168: 1, 169: 1, 170: 1, 172: 1, 173: 1, 174: 1, 175: 1, 176: 1, 177: 1, 182: 1, 183: 1, 189: 1, 192: 1, 193: 1, 195: 1, 198: 1, 199: 1}}
05-09 15:49 INFO     in comm round:0
05-09 15:49 INFO     Training network 0 n_training: 1042
05-09 15:49 INFO     Training network 0
05-09 15:49 INFO     n_training: 16
05-09 15:49 INFO     Client: 0 Epoch: 0 Loss: 5.032085508108139
05-09 15:49 INFO     Client: 0 Epoch: 1 Loss: 3.96542027592659
05-09 15:49 INFO     Client: 0 Epoch: 2 Loss: 2.785960003733635
05-09 15:49 INFO     Client: 0 Epoch: 3 Loss: 2.226973444223404
05-09 15:49 INFO     Client: 0 Epoch: 4 Loss: 1.7657547518610954
05-09 15:49 INFO      ** Client: 0 Training complete **
05-09 15:49 INFO     Training network 1 n_training: 1440
05-09 15:49 INFO     Training network 1
05-09 15:49 INFO     n_training: 22
05-09 15:49 INFO     Client: 1 Epoch: 0 Loss: 5.141850861636075
05-09 15:49 INFO     Client: 1 Epoch: 1 Loss: 3.2643403898585928
05-09 15:49 INFO     Client: 1 Epoch: 2 Loss: 2.1332087841900913
05-09 15:49 INFO     Client: 1 Epoch: 3 Loss: 1.5591628334738992
05-09 15:49 INFO     Client: 1 Epoch: 4 Loss: 1.3187459382143887
05-09 15:49 INFO      ** Client: 1 Training complete **
05-09 15:49 INFO     Training network 2 n_training: 1275
05-09 15:49 INFO     Training network 2
05-09 15:49 INFO     n_training: 19
05-09 15:49 INFO     Client: 2 Epoch: 0 Loss: 5.571023740266499
05-09 15:49 INFO     Client: 2 Epoch: 1 Loss: 4.011319461621736
05-09 15:49 INFO     Client: 2 Epoch: 2 Loss: 2.5684645426900765
05-09 15:49 INFO     Client: 2 Epoch: 3 Loss: 1.7829396160025346
05-09 15:49 INFO     Client: 2 Epoch: 4 Loss: 1.48862708242316
05-09 15:49 INFO      ** Client: 2 Training complete **
05-09 15:49 INFO     Training network 3 n_training: 776
05-09 15:49 INFO     Training network 3
05-09 15:49 INFO     n_training: 12
05-09 15:49 INFO     Client: 3 Epoch: 0 Loss: 6.233065247535706
05-09 15:49 INFO     Client: 3 Epoch: 1 Loss: 5.502670884132385
05-09 15:49 INFO     Client: 3 Epoch: 2 Loss: 5.2262009382247925
05-09 15:49 INFO     Client: 3 Epoch: 3 Loss: 4.85704489549001
05-09 15:49 INFO     Client: 3 Epoch: 4 Loss: 4.456621885299683
05-09 15:49 INFO      ** Client: 3 Training complete **
05-09 15:49 INFO     Training network 4 n_training: 1068
05-09 15:49 INFO     Training network 4
05-09 15:49 INFO     n_training: 16
05-09 15:49 INFO     Client: 4 Epoch: 0 Loss: 5.279660880565643
05-09 15:49 INFO     Client: 4 Epoch: 1 Loss: 3.9668691158294678
05-09 15:49 INFO     Client: 4 Epoch: 2 Loss: 2.4374977350234985
05-09 15:49 INFO     Client: 4 Epoch: 3 Loss: 1.4104491248726845
05-09 15:49 INFO     Client: 4 Epoch: 4 Loss: 1.034820333123207
05-09 15:49 INFO      ** Client: 4 Training complete **
05-09 15:49 INFO     Training network 5 n_training: 1020
05-09 15:49 INFO     Training network 5
05-09 15:49 INFO     n_training: 15
05-09 15:49 INFO     Client: 5 Epoch: 0 Loss: 5.7816814422607425
05-09 15:49 INFO     Client: 5 Epoch: 1 Loss: 3.8991317431132
05-09 15:49 INFO     Client: 5 Epoch: 2 Loss: 2.174876308441162
05-09 15:49 INFO     Client: 5 Epoch: 3 Loss: 1.4171289682388306
05-09 15:49 INFO     Client: 5 Epoch: 4 Loss: 1.0484483122825623
05-09 15:49 INFO      ** Client: 5 Training complete **
05-09 15:49 INFO     Training network 6 n_training: 656
05-09 15:49 INFO     Training network 6
05-09 15:49 INFO     n_training: 10
05-09 15:49 INFO     Client: 6 Epoch: 0 Loss: 5.781232261657715
05-09 15:49 INFO     Client: 6 Epoch: 1 Loss: 4.692589235305786
05-09 15:49 INFO     Client: 6 Epoch: 2 Loss: 3.6374709606170654
05-09 15:49 INFO     Client: 6 Epoch: 3 Loss: 2.620364511013031
05-09 15:49 INFO     Client: 6 Epoch: 4 Loss: 1.9366114616394043
05-09 15:49 INFO      ** Client: 6 Training complete **
05-09 15:49 INFO     Training network 7 n_training: 1006
05-09 15:49 INFO     Training network 7
05-09 15:49 INFO     n_training: 15
05-09 15:49 INFO     Client: 7 Epoch: 0 Loss: 4.866252263387044
05-09 15:49 INFO     Client: 7 Epoch: 1 Loss: 3.670037094751994
05-09 15:49 INFO     Client: 7 Epoch: 2 Loss: 2.5997061729431152
05-09 15:49 INFO     Client: 7 Epoch: 3 Loss: 1.7717404127120973
05-09 15:49 INFO     Client: 7 Epoch: 4 Loss: 1.3369510054588318
05-09 15:49 INFO      ** Client: 7 Training complete **
05-09 15:49 INFO     Training network 8 n_training: 1189
05-09 15:49 INFO     Training network 8
05-09 15:49 INFO     n_training: 18
05-09 15:49 INFO     Client: 8 Epoch: 0 Loss: 5.576732794443767
05-09 15:49 INFO     Client: 8 Epoch: 1 Loss: 4.587878518634373
05-09 15:49 INFO     Client: 8 Epoch: 2 Loss: 3.6851201322343616
05-09 15:49 INFO     Client: 8 Epoch: 3 Loss: 2.863632877667745
05-09 15:50 INFO     Client: 8 Epoch: 4 Loss: 2.41930408610238
05-09 15:50 INFO      ** Client: 8 Training complete **
05-09 15:50 INFO     Training network 9 n_training: 1193
05-09 15:50 INFO     Training network 9
05-09 15:50 INFO     n_training: 18
05-09 15:50 INFO     Client: 9 Epoch: 0 Loss: 5.7230909665425616
05-09 15:50 INFO     Client: 9 Epoch: 1 Loss: 4.8568549156188965
05-09 15:50 INFO     Client: 9 Epoch: 2 Loss: 3.846112026108636
05-09 15:50 INFO     Client: 9 Epoch: 3 Loss: 2.622034443749322
05-09 15:50 INFO     Client: 9 Epoch: 4 Loss: 1.7375406755341425
05-09 15:50 INFO      ** Client: 9 Training complete **
05-09 15:50 INFO     Training network 10 n_training: 1099
05-09 15:50 INFO     Training network 10
05-09 15:50 INFO     n_training: 17
05-09 15:50 INFO     Client: 10 Epoch: 0 Loss: 5.86697110007791
05-09 15:50 INFO     Client: 10 Epoch: 1 Loss: 4.833680068745332
05-09 15:50 INFO     Client: 10 Epoch: 2 Loss: 3.463804651709164
05-09 15:50 INFO     Client: 10 Epoch: 3 Loss: 2.0828984765445484
05-09 15:50 INFO     Client: 10 Epoch: 4 Loss: 1.4445758426890654
05-09 15:50 INFO      ** Client: 10 Training complete **
05-09 15:50 INFO     Training network 11 n_training: 1012
05-09 15:50 INFO     Training network 11
05-09 15:50 INFO     n_training: 15
05-09 15:50 INFO     Client: 11 Epoch: 0 Loss: 5.967857933044433
05-09 15:50 INFO     Client: 11 Epoch: 1 Loss: 4.9605939547220865
05-09 15:50 INFO     Client: 11 Epoch: 2 Loss: 3.955228249231974
05-09 15:50 INFO     Client: 11 Epoch: 3 Loss: 2.8914092858632405
05-09 15:50 INFO     Client: 11 Epoch: 4 Loss: 2.2860175291697185
05-09 15:50 INFO      ** Client: 11 Training complete **
05-09 15:50 INFO     Training network 12 n_training: 1018
05-09 15:50 INFO     Training network 12
05-09 15:50 INFO     n_training: 15
05-09 15:50 INFO     Client: 12 Epoch: 0 Loss: 5.98677167892456
05-09 15:50 INFO     Client: 12 Epoch: 1 Loss: 4.931720034281413
05-09 15:50 INFO     Client: 12 Epoch: 2 Loss: 3.7103351593017577
05-09 15:50 INFO     Client: 12 Epoch: 3 Loss: 2.4294670104980467
05-09 15:50 INFO     Client: 12 Epoch: 4 Loss: 1.7149651050567627
05-09 15:50 INFO      ** Client: 12 Training complete **
05-09 15:50 INFO     Training network 13 n_training: 1000
05-09 15:50 INFO     Training network 13
05-09 15:50 INFO     n_training: 15
05-09 15:50 INFO     Client: 13 Epoch: 0 Loss: 5.814417489369711
05-09 15:50 INFO     Client: 13 Epoch: 1 Loss: 4.701887480417887
05-09 15:50 INFO     Client: 13 Epoch: 2 Loss: 3.5563430150349933
05-09 15:50 INFO     Client: 13 Epoch: 3 Loss: 2.5306636174519856
05-09 15:50 INFO     Client: 13 Epoch: 4 Loss: 1.9391573985417685
05-09 15:50 INFO      ** Client: 13 Training complete **
05-09 15:50 INFO     Training network 14 n_training: 1092
05-09 15:50 INFO     Training network 14
05-09 15:50 INFO     n_training: 17
05-09 15:50 INFO     Client: 14 Epoch: 0 Loss: 5.738031022688922
05-09 15:50 INFO     Client: 14 Epoch: 1 Loss: 4.376293589087093
05-09 15:50 INFO     Client: 14 Epoch: 2 Loss: 2.7049231248743393
05-09 15:50 INFO     Client: 14 Epoch: 3 Loss: 1.7789711671717026
05-09 15:50 INFO     Client: 14 Epoch: 4 Loss: 1.5157774336197798
05-09 15:50 INFO      ** Client: 14 Training complete **
05-09 15:50 INFO     Training network 15 n_training: 1364
05-09 15:50 INFO     Training network 15
05-09 15:50 INFO     n_training: 21
05-09 15:50 INFO     Client: 15 Epoch: 0 Loss: 5.796102660042899
05-09 15:50 INFO     Client: 15 Epoch: 1 Loss: 4.469299429938907
05-09 15:50 INFO     Client: 15 Epoch: 2 Loss: 2.9837572234017506
05-09 15:50 INFO     Client: 15 Epoch: 3 Loss: 2.072047313054403
05-09 15:50 INFO     Client: 15 Epoch: 4 Loss: 1.6914249488285609
05-09 15:50 INFO      ** Client: 15 Training complete **
05-09 15:50 INFO     Training network 16 n_training: 1087
05-09 15:50 INFO     Training network 16
05-09 15:50 INFO     n_training: 16
05-09 15:50 INFO     Client: 16 Epoch: 0 Loss: 5.7460333704948425
05-09 15:50 INFO     Client: 16 Epoch: 1 Loss: 4.868806719779968
05-09 15:50 INFO     Client: 16 Epoch: 2 Loss: 3.7966349869966507
05-09 15:50 INFO     Client: 16 Epoch: 3 Loss: 2.6858876198530197
05-09 15:50 INFO     Client: 16 Epoch: 4 Loss: 1.9551542028784752
05-09 15:50 INFO      ** Client: 16 Training complete **
05-09 15:50 INFO     Training network 17 n_training: 793
05-09 15:50 INFO     Training network 17
05-09 15:50 INFO     n_training: 12
05-09 15:50 INFO     Client: 17 Epoch: 0 Loss: 5.4970507224400835
05-09 15:50 INFO     Client: 17 Epoch: 1 Loss: 4.669689695040385
05-09 15:50 INFO     Client: 17 Epoch: 2 Loss: 3.7751836578051248
05-09 15:50 INFO     Client: 17 Epoch: 3 Loss: 3.1029376784960427
05-09 15:50 INFO     Client: 17 Epoch: 4 Loss: 2.772855261961619
05-09 15:50 INFO      ** Client: 17 Training complete **
05-09 15:50 INFO     Training network 18 n_training: 1261
05-09 15:50 INFO     Training network 18
05-09 15:50 INFO     n_training: 19
05-09 15:50 INFO     Client: 18 Epoch: 0 Loss: 5.488465660496762
05-09 15:50 INFO     Client: 18 Epoch: 1 Loss: 4.1998520148427865
05-09 15:50 INFO     Client: 18 Epoch: 2 Loss: 2.9599755688717493
05-09 15:50 INFO     Client: 18 Epoch: 3 Loss: 1.9336612161837126
05-09 15:50 INFO     Client: 18 Epoch: 4 Loss: 1.4346582105285244
05-09 15:50 INFO      ** Client: 18 Training complete **
05-09 15:50 INFO     Training network 19 n_training: 1025
05-09 15:50 INFO     Training network 19
05-09 15:50 INFO     n_training: 16
05-09 15:50 INFO     Client: 19 Epoch: 0 Loss: 5.5100075006484985
05-09 15:50 INFO     Client: 19 Epoch: 1 Loss: 4.417532458901405
05-09 15:50 INFO     Client: 19 Epoch: 2 Loss: 3.243210569024086
05-09 15:50 INFO     Client: 19 Epoch: 3 Loss: 2.2235288992524147
05-09 15:50 INFO     Client: 19 Epoch: 4 Loss: 1.6200962886214256
05-09 15:50 INFO      ** Client: 19 Training complete **
05-09 15:50 INFO     Training network 20 n_training: 836
05-09 15:50 INFO     Training network 20
05-09 15:50 INFO     n_training: 13
05-09 15:50 INFO     Client: 20 Epoch: 0 Loss: 5.754833918351394
05-09 15:50 INFO     Client: 20 Epoch: 1 Loss: 5.09278836617103
05-09 15:50 INFO     Client: 20 Epoch: 2 Loss: 4.548461473905123
05-09 15:50 INFO     Client: 20 Epoch: 3 Loss: 3.939086070427528
05-09 15:50 INFO     Client: 20 Epoch: 4 Loss: 3.2691368139707127
05-09 15:50 INFO      ** Client: 20 Training complete **
05-09 15:50 INFO     Training network 21 n_training: 368
05-09 15:50 INFO     Training network 21
05-09 15:50 INFO     n_training: 5
05-09 15:50 INFO     Client: 21 Epoch: 0 Loss: 5.882604885101318
05-09 15:50 INFO     Client: 21 Epoch: 1 Loss: 5.493243217468262
05-09 15:50 INFO     Client: 21 Epoch: 2 Loss: 5.1973755836486815
05-09 15:50 INFO     Client: 21 Epoch: 3 Loss: 4.793521595001221
05-09 15:50 INFO     Client: 21 Epoch: 4 Loss: 4.340132522583008
05-09 15:50 INFO      ** Client: 21 Training complete **
05-09 15:50 INFO     Training network 22 n_training: 704
05-09 15:50 INFO     Training network 22
05-09 15:50 INFO     n_training: 11
05-09 15:50 INFO     Client: 22 Epoch: 0 Loss: 5.514804926785556
05-09 15:50 INFO     Client: 22 Epoch: 1 Loss: 5.171175739981911
05-09 15:50 INFO     Client: 22 Epoch: 2 Loss: 4.830887361006304
05-09 15:50 INFO     Client: 22 Epoch: 3 Loss: 4.412820382551714
05-09 15:50 INFO     Client: 22 Epoch: 4 Loss: 3.9540668834339487
05-09 15:50 INFO      ** Client: 22 Training complete **
05-09 15:50 INFO     Training network 23 n_training: 1062
05-09 15:50 INFO     Training network 23
05-09 15:50 INFO     n_training: 16
05-09 15:50 INFO     Client: 23 Epoch: 0 Loss: 5.553504824638367
05-09 15:50 INFO     Client: 23 Epoch: 1 Loss: 4.702558130025864
05-09 15:50 INFO     Client: 23 Epoch: 2 Loss: 3.6829387098550797
05-09 15:50 INFO     Client: 23 Epoch: 3 Loss: 2.670429527759552
05-09 15:51 INFO     Client: 23 Epoch: 4 Loss: 2.0215726867318153
05-09 15:51 INFO      ** Client: 23 Training complete **
05-09 15:51 INFO     Training network 24 n_training: 977
05-09 15:51 INFO     Training network 24
05-09 15:51 INFO     n_training: 15
05-09 15:51 INFO     Client: 24 Epoch: 0 Loss: 5.817830053965251
05-09 15:51 INFO     Client: 24 Epoch: 1 Loss: 5.17903242111206
05-09 15:51 INFO     Client: 24 Epoch: 2 Loss: 4.613461430867513
05-09 15:51 INFO     Client: 24 Epoch: 3 Loss: 3.8891573111216227
05-09 15:51 INFO     Client: 24 Epoch: 4 Loss: 3.1546066761016847
05-09 15:51 INFO      ** Client: 24 Training complete **
05-09 15:51 INFO     Training network 25 n_training: 1161
05-09 15:51 INFO     Training network 25
05-09 15:51 INFO     n_training: 18
05-09 15:51 INFO     Client: 25 Epoch: 0 Loss: 5.816147089004517
05-09 15:51 INFO     Client: 25 Epoch: 1 Loss: 5.127742211023967
05-09 15:51 INFO     Client: 25 Epoch: 2 Loss: 4.376489718755086
05-09 15:51 INFO     Client: 25 Epoch: 3 Loss: 3.429196185535855
05-09 15:51 INFO     Client: 25 Epoch: 4 Loss: 2.642936693297492
05-09 15:51 INFO      ** Client: 25 Training complete **
05-09 15:51 INFO     Training network 26 n_training: 1486
05-09 15:51 INFO     Training network 26
05-09 15:51 INFO     n_training: 23
05-09 15:51 INFO     Client: 26 Epoch: 0 Loss: 5.306436870409095
05-09 15:51 INFO     Client: 26 Epoch: 1 Loss: 4.034093784249348
05-09 15:51 INFO     Client: 26 Epoch: 2 Loss: 2.792245045952175
05-09 15:51 INFO     Client: 26 Epoch: 3 Loss: 2.158345041067704
05-09 15:51 INFO     Client: 26 Epoch: 4 Loss: 1.8109959052956623
05-09 15:51 INFO      ** Client: 26 Training complete **
05-09 15:51 INFO     Training network 27 n_training: 1029
05-09 15:51 INFO     Training network 27
05-09 15:51 INFO     n_training: 16
05-09 15:51 INFO     Client: 27 Epoch: 0 Loss: 5.986834704875946
05-09 15:51 INFO     Client: 27 Epoch: 1 Loss: 5.338994413614273
05-09 15:51 INFO     Client: 27 Epoch: 2 Loss: 4.615628600120544
05-09 15:51 INFO     Client: 27 Epoch: 3 Loss: 3.6938090920448303
05-09 15:51 INFO     Client: 27 Epoch: 4 Loss: 2.939445987343788
05-09 15:51 INFO      ** Client: 27 Training complete **
05-09 15:51 INFO     Training network 28 n_training: 1070
05-09 15:51 INFO     Training network 28
05-09 15:51 INFO     n_training: 16
05-09 15:51 INFO     Client: 28 Epoch: 0 Loss: 5.59892663359642
05-09 15:51 INFO     Client: 28 Epoch: 1 Loss: 4.661124303936958
05-09 15:51 INFO     Client: 28 Epoch: 2 Loss: 3.41197070479393
05-09 15:51 INFO     Client: 28 Epoch: 3 Loss: 2.473028190433979
05-09 15:51 INFO     Client: 28 Epoch: 4 Loss: 1.9550903737545013
05-09 15:51 INFO      ** Client: 28 Training complete **
05-09 15:51 INFO     Training network 29 n_training: 698
05-09 15:51 INFO     Training network 29
05-09 15:51 INFO     n_training: 10
05-09 15:51 INFO     Client: 29 Epoch: 0 Loss: 5.8849194049835205
05-09 15:51 INFO     Client: 29 Epoch: 1 Loss: 5.232960367202759
05-09 15:51 INFO     Client: 29 Epoch: 2 Loss: 4.64344744682312
05-09 15:51 INFO     Client: 29 Epoch: 3 Loss: 3.859220099449158
05-09 15:51 INFO     Client: 29 Epoch: 4 Loss: 2.966443586349487
05-09 15:51 INFO      ** Client: 29 Training complete **
05-09 15:51 INFO     Training network 30 n_training: 1479
05-09 15:51 INFO     Training network 30
05-09 15:51 INFO     n_training: 23
05-09 15:51 INFO     Client: 30 Epoch: 0 Loss: 5.614964754685111
05-09 15:51 INFO     Client: 30 Epoch: 1 Loss: 4.5222619201826015
05-09 15:51 INFO     Client: 30 Epoch: 2 Loss: 3.240569612254267
05-09 15:51 INFO     Client: 30 Epoch: 3 Loss: 2.0622000331464023
05-09 15:51 INFO     Client: 30 Epoch: 4 Loss: 1.5316976671633513
05-09 15:51 INFO      ** Client: 30 Training complete **
05-09 15:51 INFO     Training network 31 n_training: 1188
05-09 15:51 INFO     Training network 31
05-09 15:51 INFO     n_training: 18
05-09 15:51 INFO     Client: 31 Epoch: 0 Loss: 5.877239359749688
05-09 15:51 INFO     Client: 31 Epoch: 1 Loss: 5.015752342012194
05-09 15:51 INFO     Client: 31 Epoch: 2 Loss: 4.198641551865472
05-09 15:51 INFO     Client: 31 Epoch: 3 Loss: 3.307951874203152
05-09 15:51 INFO     Client: 31 Epoch: 4 Loss: 2.559949411286248
05-09 15:51 INFO      ** Client: 31 Training complete **
05-09 15:51 INFO     Training network 32 n_training: 1386
05-09 15:51 INFO     Training network 32
05-09 15:51 INFO     n_training: 21
05-09 15:51 INFO     Client: 32 Epoch: 0 Loss: 5.7218941279820035
05-09 15:51 INFO     Client: 32 Epoch: 1 Loss: 4.793946538652692
05-09 15:51 INFO     Client: 32 Epoch: 2 Loss: 3.7369873296646845
05-09 15:51 INFO     Client: 32 Epoch: 3 Loss: 2.816662073135376
05-09 15:51 INFO     Client: 32 Epoch: 4 Loss: 2.373969759259905
05-09 15:51 INFO      ** Client: 32 Training complete **
05-09 15:51 INFO     Training network 33 n_training: 1246
05-09 15:51 INFO     Training network 33
05-09 15:51 INFO     n_training: 19
05-09 15:51 INFO     Client: 33 Epoch: 0 Loss: 5.5641858703211735
05-09 15:51 INFO     Client: 33 Epoch: 1 Loss: 4.526820458863911
05-09 15:51 INFO     Client: 33 Epoch: 2 Loss: 3.263459745206331
05-09 15:51 INFO     Client: 33 Epoch: 3 Loss: 2.3593970474443937
05-09 15:51 INFO     Client: 33 Epoch: 4 Loss: 2.1043299185602287
05-09 15:51 INFO      ** Client: 33 Training complete **
05-09 15:51 INFO     Training network 34 n_training: 1009
05-09 15:51 INFO     Training network 34
05-09 15:51 INFO     n_training: 15
05-09 15:51 INFO     Client: 34 Epoch: 0 Loss: 5.738373406728109
05-09 15:51 INFO     Client: 34 Epoch: 1 Loss: 5.268053976694743
05-09 15:51 INFO     Client: 34 Epoch: 2 Loss: 4.723690700531006
05-09 15:51 INFO     Client: 34 Epoch: 3 Loss: 4.004586633046468
05-09 15:51 INFO     Client: 34 Epoch: 4 Loss: 3.2387507438659666
05-09 15:51 INFO      ** Client: 34 Training complete **
05-09 15:51 INFO     Training network 35 n_training: 852
05-09 15:51 INFO     Training network 35
05-09 15:51 INFO     n_training: 13
05-09 15:51 INFO     Client: 35 Epoch: 0 Loss: 5.573900259458101
05-09 15:51 INFO     Client: 35 Epoch: 1 Loss: 4.848849296569824
05-09 15:51 INFO     Client: 35 Epoch: 2 Loss: 3.972475455357478
05-09 15:51 INFO     Client: 35 Epoch: 3 Loss: 2.983762135872474
05-09 15:51 INFO     Client: 35 Epoch: 4 Loss: 2.3350954422583947
05-09 15:51 INFO      ** Client: 35 Training complete **
05-09 15:51 INFO     Training network 36 n_training: 450
05-09 15:51 INFO     Training network 36
05-09 15:51 INFO     n_training: 7
05-09 15:51 INFO     Client: 36 Epoch: 0 Loss: 5.736494881766183
05-09 15:51 INFO     Client: 36 Epoch: 1 Loss: 5.1264567375183105
05-09 15:51 INFO     Client: 36 Epoch: 2 Loss: 4.552815914154053
05-09 15:51 INFO     Client: 36 Epoch: 3 Loss: 3.8852948461260115
05-09 15:51 INFO     Client: 36 Epoch: 4 Loss: 3.394604069846017
05-09 15:51 INFO      ** Client: 36 Training complete **
05-09 15:51 INFO     Training network 37 n_training: 1394
05-09 15:51 INFO     Training network 37
05-09 15:51 INFO     n_training: 21
05-09 15:51 INFO     Client: 37 Epoch: 0 Loss: 5.5334953126453215
05-09 15:52 INFO     Client: 37 Epoch: 1 Loss: 4.745776358104887
05-09 15:52 INFO     Client: 37 Epoch: 2 Loss: 3.6645688783554804
05-09 15:52 INFO     Client: 37 Epoch: 3 Loss: 2.6378379208701
05-09 15:52 INFO     Client: 37 Epoch: 4 Loss: 2.1264196577526273
05-09 15:52 INFO      ** Client: 37 Training complete **
05-09 15:52 INFO     Training network 38 n_training: 1005
05-09 15:52 INFO     Training network 38
05-09 15:52 INFO     n_training: 15
05-09 15:52 INFO     Client: 38 Epoch: 0 Loss: 5.604177697499593
05-09 15:52 INFO     Client: 38 Epoch: 1 Loss: 4.654520797729492
05-09 15:52 INFO     Client: 38 Epoch: 2 Loss: 3.5104629675547283
05-09 15:52 INFO     Client: 38 Epoch: 3 Loss: 2.4426912387212116
05-09 15:52 INFO     Client: 38 Epoch: 4 Loss: 1.8621404409408568
05-09 15:52 INFO      ** Client: 38 Training complete **
05-09 15:52 INFO     Training network 39 n_training: 1105
05-09 15:52 INFO     Training network 39
05-09 15:52 INFO     n_training: 17
05-09 15:52 INFO     Client: 39 Epoch: 0 Loss: 5.628145722781911
05-09 15:52 INFO     Client: 39 Epoch: 1 Loss: 4.697487045736874
05-09 15:52 INFO     Client: 39 Epoch: 2 Loss: 3.479141207302318
05-09 15:52 INFO     Client: 39 Epoch: 3 Loss: 2.2083264238694134
05-09 15:52 INFO     Client: 39 Epoch: 4 Loss: 1.766086360987495
05-09 15:52 INFO      ** Client: 39 Training complete **
05-09 15:52 INFO     Training network 40 n_training: 1040
05-09 15:52 INFO     Training network 40
05-09 15:52 INFO     n_training: 16
05-09 15:52 INFO     Client: 40 Epoch: 0 Loss: 5.671451807022095
05-09 15:52 INFO     Client: 40 Epoch: 1 Loss: 5.1123272478580475
05-09 15:52 INFO     Client: 40 Epoch: 2 Loss: 4.535666197538376
05-09 15:52 INFO     Client: 40 Epoch: 3 Loss: 3.7046421468257904
05-09 15:52 INFO     Client: 40 Epoch: 4 Loss: 2.8708314150571823
05-09 15:52 INFO      ** Client: 40 Training complete **
05-09 15:52 INFO     Training network 41 n_training: 980
05-09 15:52 INFO     Training network 41
05-09 15:52 INFO     n_training: 15
05-09 15:52 INFO     Client: 41 Epoch: 0 Loss: 5.892822519938151
05-09 15:52 INFO     Client: 41 Epoch: 1 Loss: 4.662086296081543
05-09 15:52 INFO     Client: 41 Epoch: 2 Loss: 3.0030755201975503
05-09 15:52 INFO     Client: 41 Epoch: 3 Loss: 1.5092459837595622
05-09 15:52 INFO     Client: 41 Epoch: 4 Loss: 0.9986769676208496
05-09 15:52 INFO      ** Client: 41 Training complete **
05-09 15:52 INFO     Training network 42 n_training: 1083
05-09 15:52 INFO     Training network 42
05-09 15:52 INFO     n_training: 16
05-09 15:52 INFO     Client: 42 Epoch: 0 Loss: 5.928807497024536
05-09 15:52 INFO     Client: 42 Epoch: 1 Loss: 5.102538555860519
05-09 15:52 INFO     Client: 42 Epoch: 2 Loss: 4.203188627958298
05-09 15:52 INFO     Client: 42 Epoch: 3 Loss: 3.1088347733020782
05-09 15:52 INFO     Client: 42 Epoch: 4 Loss: 2.3643838763237
05-09 15:52 INFO      ** Client: 42 Training complete **
05-09 15:52 INFO     Training network 43 n_training: 1046
05-09 15:52 INFO     Training network 43
05-09 15:52 INFO     n_training: 16
05-09 15:52 INFO     Client: 43 Epoch: 0 Loss: 5.634025424718857
05-09 15:52 INFO     Client: 43 Epoch: 1 Loss: 4.154322072863579
05-09 15:52 INFO     Client: 43 Epoch: 2 Loss: 2.7623192965984344
05-09 15:52 INFO     Client: 43 Epoch: 3 Loss: 1.6721926555037498
05-09 15:52 INFO     Client: 43 Epoch: 4 Loss: 1.231556512415409
05-09 15:52 INFO      ** Client: 43 Training complete **
05-09 15:52 INFO     Training network 44 n_training: 1027
05-09 15:52 INFO     Training network 44
05-09 15:52 INFO     n_training: 16
05-09 15:52 INFO     Client: 44 Epoch: 0 Loss: 6.01927387714386
05-09 15:52 INFO     Client: 44 Epoch: 1 Loss: 5.238091677427292
05-09 15:52 INFO     Client: 44 Epoch: 2 Loss: 4.4462031573057175
05-09 15:52 INFO     Client: 44 Epoch: 3 Loss: 3.3665565848350525
05-09 15:52 INFO     Client: 44 Epoch: 4 Loss: 2.4879997819662094
05-09 15:52 INFO      ** Client: 44 Training complete **
05-09 15:52 INFO     Training network 45 n_training: 1048
05-09 15:52 INFO     Training network 45
05-09 15:52 INFO     n_training: 16
05-09 15:52 INFO     Client: 45 Epoch: 0 Loss: 5.811182230710983
05-09 15:52 INFO     Client: 45 Epoch: 1 Loss: 5.242666631937027
05-09 15:52 INFO     Client: 45 Epoch: 2 Loss: 4.619810193777084
05-09 15:52 INFO     Client: 45 Epoch: 3 Loss: 3.7520193308591843
05-09 15:52 INFO     Client: 45 Epoch: 4 Loss: 2.8564562797546387
05-09 15:52 INFO      ** Client: 45 Training complete **
05-09 15:52 INFO     Training network 46 n_training: 831
05-09 15:52 INFO     Training network 46
05-09 15:52 INFO     n_training: 12
05-09 15:52 INFO     Client: 46 Epoch: 0 Loss: 5.840426882108052
05-09 15:52 INFO     Client: 46 Epoch: 1 Loss: 5.3240229686101275
05-09 15:52 INFO     Client: 46 Epoch: 2 Loss: 4.8278558651606245
05-09 15:52 INFO     Client: 46 Epoch: 3 Loss: 4.255267798900604
05-09 15:52 INFO     Client: 46 Epoch: 4 Loss: 3.589373012383779
05-09 15:52 INFO      ** Client: 46 Training complete **
05-09 15:52 INFO     Training network 47 n_training: 1073
05-09 15:52 INFO     Training network 47
05-09 15:52 INFO     n_training: 16
05-09 15:52 INFO     Client: 47 Epoch: 0 Loss: 5.690325677394867
05-09 15:52 INFO     Client: 47 Epoch: 1 Loss: 5.130544126033783
05-09 15:52 INFO     Client: 47 Epoch: 2 Loss: 4.406420543789864
05-09 15:52 INFO     Client: 47 Epoch: 3 Loss: 3.402956247329712
05-09 15:52 INFO     Client: 47 Epoch: 4 Loss: 2.453158400952816
05-09 15:52 INFO      ** Client: 47 Training complete **
05-09 15:52 INFO     Training network 48 n_training: 1245
05-09 15:52 INFO     Training network 48
05-09 15:52 INFO     n_training: 19
05-09 15:52 INFO     Client: 48 Epoch: 0 Loss: 5.879833196338854
05-09 15:52 INFO     Client: 48 Epoch: 1 Loss: 5.279241612083034
05-09 15:52 INFO     Client: 48 Epoch: 2 Loss: 4.640817366148296
05-09 15:52 INFO     Client: 48 Epoch: 3 Loss: 3.629631180512278
05-09 15:52 INFO     Client: 48 Epoch: 4 Loss: 2.935472977788825
05-09 15:52 INFO      ** Client: 48 Training complete **
05-09 15:52 INFO     Training network 49 n_training: 1132
05-09 15:52 INFO     Training network 49
05-09 15:52 INFO     n_training: 17
05-09 15:52 INFO     Client: 49 Epoch: 0 Loss: 5.775761996998506
05-09 15:52 INFO     Client: 49 Epoch: 1 Loss: 5.280585345099954
05-09 15:52 INFO     Client: 49 Epoch: 2 Loss: 4.758469160865335
05-09 15:52 INFO     Client: 49 Epoch: 3 Loss: 4.028056200812845
05-09 15:52 INFO     Client: 49 Epoch: 4 Loss: 3.073159273932962
05-09 15:52 INFO      ** Client: 49 Training complete **
05-09 15:52 INFO     Training network 50 n_training: 1055
05-09 15:52 INFO     Training network 50
05-09 15:52 INFO     n_training: 16
05-09 15:52 INFO     Client: 50 Epoch: 0 Loss: 5.6772977113723755
05-09 15:52 INFO     Client: 50 Epoch: 1 Loss: 5.0794676542282104
05-09 15:52 INFO     Client: 50 Epoch: 2 Loss: 4.387112766504288
05-09 15:52 INFO     Client: 50 Epoch: 3 Loss: 3.4383635967969894
05-09 15:52 INFO     Client: 50 Epoch: 4 Loss: 2.5099273920059204
05-09 15:52 INFO      ** Client: 50 Training complete **
05-09 15:52 INFO     Training network 51 n_training: 1150
05-09 15:52 INFO     Training network 51
05-09 15:52 INFO     n_training: 17
05-09 15:53 INFO     Client: 51 Epoch: 0 Loss: 5.9031261275796325
05-09 15:53 INFO     Client: 51 Epoch: 1 Loss: 5.377905929789824
05-09 15:53 INFO     Client: 51 Epoch: 2 Loss: 4.733860043918385
05-09 15:53 INFO     Client: 51 Epoch: 3 Loss: 3.579518374274759
05-09 15:53 INFO     Client: 51 Epoch: 4 Loss: 2.4012422421399284
05-09 15:53 INFO      ** Client: 51 Training complete **
05-09 15:53 INFO     Training network 52 n_training: 1094
05-09 15:53 INFO     Training network 52
05-09 15:53 INFO     n_training: 17
05-09 15:53 INFO     Client: 52 Epoch: 0 Loss: 5.942352968103745
05-09 15:53 INFO     Client: 52 Epoch: 1 Loss: 5.352358285118552
05-09 15:53 INFO     Client: 52 Epoch: 2 Loss: 4.569423479192397
05-09 15:53 INFO     Client: 52 Epoch: 3 Loss: 3.497839829500984
05-09 15:53 INFO     Client: 52 Epoch: 4 Loss: 2.5344393674065087
05-09 15:53 INFO      ** Client: 52 Training complete **
05-09 15:53 INFO     Training network 53 n_training: 1094
05-09 15:53 INFO     Training network 53
05-09 15:53 INFO     n_training: 17
05-09 15:53 INFO     Client: 53 Epoch: 0 Loss: 5.492646862478817
05-09 15:53 INFO     Client: 53 Epoch: 1 Loss: 4.887745913337259
05-09 15:53 INFO     Client: 53 Epoch: 2 Loss: 4.079140999737908
05-09 15:53 INFO     Client: 53 Epoch: 3 Loss: 3.0346686840057373
05-09 15:53 INFO     Client: 53 Epoch: 4 Loss: 2.2677958923227646
