04-11 17:59 INFO     cuda
04-11 17:59 INFO     Command Line Arguments: 
{
    "epochs": 5,
    "comm_round": 70,
    "sample_fraction": 1.0,
    "alpha": 0.1,
    "dataset": "cifar10",
    "datadir": "../data/",
    "partition": "noniid-labeldir",
    "alg": "sflv1",
    "model": "resnet-18",
    "split_layer": 4,
    "n_parties": 100,
    "lr": 0.001,
    "mu": 1,
    "std_coeff": 2.5,
    "unif_coeff": 0.5,
    "batch_size": 64,
    "load_first_net": 1,
    "pool_option": "FIFO",
    "model_buffer_size": 1,
    "optimizer": "adam",
    "simp_width": 1,
    "out_dim": 256,
    "reg": 0.0005,
    "temperature": 0.5,
    "logdir": "./",
    "log_file_name": "logs/experiment_log-alg=sflv1_partition=noniid-labeldir_lr=0.001_epochs=5_num_users=100_beta=0.1_batch_size=64_opt=adam_dataset=cifar10_2024-04-11-1759-18",
    "seed": 1,
    "device": "cuda:6",
    "accuracies_file": "logs/resnet_18_100_users.csv",
    "dont_skip": false,
    "n_train_workers": 1,
    "n_test_workers": 1,
    "multiprocessing": 0
}
04-11 17:59 INFO     Data statistics: {0: {9: 171}, 1: {0: 12, 1: 2, 5: 4, 7: 34}, 2: {0: 171, 1: 7, 4: 237, 5: 5, 6: 3, 7: 7, 9: 27}, 3: {3: 13, 4: 43}, 4: {0: 103, 1: 11, 2: 5, 3: 19, 6: 13, 9: 5}, 5: {4: 14, 8: 58, 9: 407}, 6: {1: 43, 4: 5, 5: 9, 6: 481}, 7: {4: 109, 7: 1}, 8: {0: 139, 1: 123, 8: 797}, 9: {2: 21, 4: 56, 5: 2, 6: 23, 7: 18}, 10: {1: 170, 2: 277, 6: 66}, 11: {2: 60, 4: 1, 5: 86, 6: 61, 7: 2, 8: 29, 9: 1}, 12: {5: 27, 8: 19, 9: 2}, 13: {3: 168, 4: 84, 6: 201}, 14: {0: 24, 2: 1, 3: 4, 5: 15, 6: 227, 7: 83}, 15: {1: 1, 4: 212}, 16: {0: 830}, 17: {0: 182, 2: 2, 4: 4, 7: 355}, 18: {1: 391, 3: 67, 4: 28, 5: 40}, 19: {0: 4, 2: 30, 3: 354, 4: 97, 5: 39}, 20: {2: 9, 3: 4, 7: 8, 8: 16}, 21: {3: 39, 4: 235, 6: 1, 7: 2}, 22: {1: 138, 5: 7, 7: 20, 8: 45, 9: 508}, 23: {1: 7, 2: 37, 5: 15, 6: 9, 9: 2}, 24: {0: 15, 2: 2, 3: 2, 7: 1065}, 25: {2: 3, 3: 51, 5: 82, 6: 5, 7: 12, 8: 331}, 26: {7: 14, 9: 58}, 27: {4: 3, 5: 23, 6: 1, 8: 5, 9: 237}, 28: {0: 225, 3: 1, 4: 36, 5: 159, 6: 1, 7: 10, 8: 519}, 29: {1: 845}, 30: {0: 1, 2: 56, 3: 191, 7: 6, 8: 2, 9: 1}, 31: {0: 3, 1: 154, 3: 1, 4: 41, 5: 1, 6: 11}, 32: {4: 1, 6: 191, 7: 57, 8: 8}, 33: {0: 305, 1: 46, 2: 1, 4: 7, 7: 128, 8: 59}, 34: {1: 14, 2: 127, 4: 276, 5: 13, 8: 933}, 35: {0: 240, 1: 2, 3: 3, 5: 17, 9: 1}, 36: {0: 28, 2: 1, 4: 136, 5: 6, 6: 1, 7: 3, 8: 804}, 37: {2: 36, 3: 27, 4: 33, 5: 34, 6: 4, 9: 5}, 38: {0: 18, 5: 221}, 39: {1: 428, 7: 855}, 40: {5: 119, 7: 71, 8: 147}, 41: {0: 502}, 42: {0: 32, 2: 3, 3: 38, 5: 6, 7: 68}, 43: {0: 27, 1: 3, 2: 9, 3: 23, 4: 27, 8: 1, 9: 282}, 44: {0: 2, 3: 43, 4: 180, 6: 76, 7: 165, 8: 202}, 45: {1: 3, 3: 8, 4: 84, 6: 26, 8: 1}, 46: {0: 1, 1: 137, 2: 10, 4: 22, 5: 145, 7: 215}, 47: {0: 689}, 48: {0: 7, 2: 1, 3: 11, 6: 70, 7: 2, 8: 187, 9: 31}, 49: {0: 71, 1: 262, 2: 1, 3: 361}, 50: {3: 16, 7: 2, 9: 100}, 51: {0: 252, 1: 27, 3: 40, 5: 63, 6: 26, 8: 9, 9: 345}, 52: {0: 8, 1: 297, 2: 773}, 53: {1: 19, 2: 40, 6: 71, 8: 132}, 54: {0: 1, 1: 1, 2: 41, 3: 56, 4: 214, 5: 8, 7: 2}, 55: {0: 1, 2: 1, 5: 2013}, 56: {2: 12, 3: 864}, 57: {0: 278, 1: 196, 2: 1, 3: 180}, 58: {0: 2, 1: 785}, 59: {2: 119, 6: 4, 8: 8}, 60: {0: 1, 4: 1, 5: 3, 7: 3, 8: 5, 9: 2}, 61: {1: 19, 2: 1, 6: 306, 7: 126, 8: 259}, 62: {4: 2, 5: 353, 8: 4}, 63: {2: 302, 3: 1, 4: 3, 5: 133, 6: 143}, 64: {5: 19, 6: 62, 7: 218}, 65: {0: 105, 1: 1, 7: 4, 8: 246}, 66: {0: 132, 1: 94, 2: 1, 4: 64, 5: 7, 7: 1, 8: 46, 9: 7}, 67: {0: 29, 2: 20, 4: 494}, 68: {1: 1, 2: 992}, 69: {1: 108, 4: 133, 5: 343}, 70: {2: 1, 4: 11, 6: 78}, 71: {1: 148, 4: 6, 5: 2, 8: 3}, 72: {2: 7, 7: 199}, 73: {1: 12, 3: 8, 4: 2, 5: 26, 8: 13, 9: 56}, 74: {2: 1, 3: 266, 7: 42}, 75: {3: 2, 4: 21, 6: 2418}, 76: {0: 75, 4: 203, 8: 7, 9: 2563}, 77: {2: 18, 5: 675}, 78: {0: 122, 1: 1, 4: 123, 8: 31}, 79: {0: 227, 1: 2, 3: 36, 4: 1, 5: 8}, 80: {1: 64, 2: 1, 3: 211, 5: 4, 6: 1, 7: 38}, 81: {3: 1152}, 82: {1: 1, 2: 84, 3: 1, 6: 4, 8: 1, 9: 20}, 83: {0: 2, 4: 1, 5: 85, 7: 279, 9: 5}, 84: {3: 17, 4: 21, 6: 233}, 85: {1: 58, 2: 132, 7: 21, 8: 27}, 86: {0: 1, 2: 137, 4: 291, 8: 8}, 87: {1: 2, 2: 2, 3: 1, 4: 2, 5: 4, 6: 25, 7: 24, 8: 3, 9: 30}, 88: {3: 59, 7: 75, 8: 2, 9: 74}, 89: {0: 45, 1: 15, 2: 336, 3: 6, 4: 54, 5: 10, 9: 57}, 90: {2: 800}, 91: {2: 452, 3: 3, 5: 2, 7: 742}, 92: {0: 26, 2: 6, 3: 366, 5: 2}, 93: {1: 256, 4: 171, 5: 68, 7: 21}, 94: {4: 1, 5: 4, 6: 118, 8: 2}, 95: {2: 12, 8: 20}, 96: {1: 97, 2: 15, 4: 1209}, 97: {6: 37, 8: 2, 9: 1}, 98: {1: 8, 5: 92, 6: 2, 7: 1, 8: 7}, 99: {0: 62, 1: 1, 2: 1, 3: 287, 4: 1, 5: 1, 6: 1, 7: 1, 8: 2, 9: 2}}
04-11 17:59 INFO     in comm round:0
04-11 17:59 INFO     Training network 0 n_training: 171
04-11 17:59 INFO     Training network 0
04-11 17:59 INFO     Client: 0 Epoch: 0 Loss: 1.7542461156845093
04-11 17:59 INFO     Client: 0 Epoch: 1 Loss: 0.04901861306279898
04-11 17:59 INFO     Client: 0 Epoch: 2 Loss: 0.006038574269041419
04-11 17:59 INFO     Client: 0 Epoch: 3 Loss: 0.0019318697741255164
04-11 17:59 INFO     Client: 0 Epoch: 4 Loss: 0.0008604218019172549
04-11 17:59 INFO      ** Client: 0 Training complete **
04-11 17:59 INFO     Training network 1 n_training: 52
04-11 17:59 INFO     Training network 1
04-11 17:59 INFO     Client 1 has no data. Skipping training.
04-11 17:59 INFO     Training network 2 n_training: 457
04-11 17:59 INFO     Training network 2
04-11 17:59 INFO     Client: 2 Epoch: 0 Loss: 1.5879006556102209
04-11 17:59 INFO     Client: 2 Epoch: 1 Loss: 0.9320281829152789
04-11 17:59 INFO     Client: 2 Epoch: 2 Loss: 0.8455343161310468
04-11 17:59 INFO     Client: 2 Epoch: 3 Loss: 0.7616150719778878
04-11 17:59 INFO     Client: 2 Epoch: 4 Loss: 0.7339221324239459
04-11 17:59 INFO      ** Client: 2 Training complete **
04-11 17:59 INFO     Training network 3 n_training: 56
04-11 17:59 INFO     Training network 3
04-11 17:59 INFO     Client 3 has no data. Skipping training.
04-11 17:59 INFO     Training network 4 n_training: 156
04-11 17:59 INFO     Training network 4
04-11 17:59 INFO     Client: 4 Epoch: 0 Loss: 1.6631625294685364
04-11 17:59 INFO     Client: 4 Epoch: 1 Loss: 2.195159912109375
04-11 17:59 INFO     Client: 4 Epoch: 2 Loss: 0.9993225038051605
04-11 17:59 INFO     Client: 4 Epoch: 3 Loss: 0.9546954929828644
04-11 17:59 INFO     Client: 4 Epoch: 4 Loss: 0.8666585981845856
04-11 17:59 INFO      ** Client: 4 Training complete **
04-11 17:59 INFO     Training network 5 n_training: 479
04-11 17:59 INFO     Training network 5
04-11 17:59 INFO     Client: 5 Epoch: 0 Loss: 1.049215086868831
04-11 17:59 INFO     Client: 5 Epoch: 1 Loss: 0.4637231613908495
04-11 17:59 INFO     Client: 5 Epoch: 2 Loss: 0.38734530976840426
04-11 17:59 INFO     Client: 5 Epoch: 3 Loss: 0.3238394132682255
04-11 17:59 INFO     Client: 5 Epoch: 4 Loss: 0.2841642328671047
04-11 17:59 INFO      ** Client: 5 Training complete **
04-11 17:59 INFO     Training network 6 n_training: 538
04-11 17:59 INFO     Training network 6
04-11 17:59 INFO     Client: 6 Epoch: 0 Loss: 1.004469633102417
04-11 17:59 INFO     Client: 6 Epoch: 1 Loss: 0.34536504186689854
04-11 17:59 INFO     Client: 6 Epoch: 2 Loss: 0.2997876461595297
04-11 17:59 INFO     Client: 6 Epoch: 3 Loss: 0.27519076876342297
04-11 17:59 INFO     Client: 6 Epoch: 4 Loss: 0.30115795135498047
04-11 17:59 INFO      ** Client: 6 Training complete **
04-11 17:59 INFO     Training network 7 n_training: 110
04-11 17:59 INFO     Training network 7
04-11 17:59 INFO     Client: 7 Epoch: 0 Loss: 2.5197718143463135
04-11 17:59 INFO     Client: 7 Epoch: 1 Loss: 1.4091641902923584
04-11 17:59 INFO     Client: 7 Epoch: 2 Loss: 0.3003774881362915
04-11 17:59 INFO     Client: 7 Epoch: 3 Loss: 0.12490478157997131
04-11 17:59 INFO     Client: 7 Epoch: 4 Loss: 0.023998305201530457
04-11 17:59 INFO      ** Client: 7 Training complete **
04-11 17:59 INFO     Training network 8 n_training: 1059
04-11 17:59 INFO     Training network 8
04-11 17:59 INFO     Client: 8 Epoch: 0 Loss: 1.1140590719878674
04-11 17:59 INFO     Client: 8 Epoch: 1 Loss: 0.6728926599025726
04-11 17:59 INFO     Client: 8 Epoch: 2 Loss: 0.6292834393680096
04-11 17:59 INFO     Client: 8 Epoch: 3 Loss: 0.5807303823530674
04-11 17:59 INFO     Client: 8 Epoch: 4 Loss: 0.5542538948357105
04-11 17:59 INFO      ** Client: 8 Training complete **
04-11 17:59 INFO     Training network 9 n_training: 120
04-11 17:59 INFO     Training network 9
04-11 17:59 INFO     Client: 9 Epoch: 0 Loss: 2.4675960540771484
04-11 17:59 INFO     Client: 9 Epoch: 1 Loss: 2.210486888885498
04-11 17:59 INFO     Client: 9 Epoch: 2 Loss: 2.670020818710327
04-11 17:59 INFO     Client: 9 Epoch: 3 Loss: 1.8908592462539673
04-11 17:59 INFO     Client: 9 Epoch: 4 Loss: 1.661586880683899
04-11 17:59 INFO      ** Client: 9 Training complete **
04-11 17:59 INFO     Training network 10 n_training: 513
04-11 17:59 INFO     Training network 10
04-11 17:59 INFO     Client: 10 Epoch: 0 Loss: 1.747942864894867
04-11 18:00 INFO     Client: 10 Epoch: 1 Loss: 0.9060296565294266
04-11 18:00 INFO     Client: 10 Epoch: 2 Loss: 0.7099526599049568
04-11 18:00 INFO     Client: 10 Epoch: 3 Loss: 0.5839900523424149
04-11 18:00 INFO     Client: 10 Epoch: 4 Loss: 0.5385322757065296
04-11 18:00 INFO      ** Client: 10 Training complete **
04-11 18:00 INFO     Training network 11 n_training: 240
04-11 18:00 INFO     Training network 11
04-11 18:00 INFO     Client: 11 Epoch: 0 Loss: 2.4326654275258384
04-11 18:00 INFO     Client: 11 Epoch: 1 Loss: 1.999485731124878
04-11 18:00 INFO     Client: 11 Epoch: 2 Loss: 1.285498023033142
04-11 18:00 INFO     Client: 11 Epoch: 3 Loss: 1.3142099380493164
04-11 18:00 INFO     Client: 11 Epoch: 4 Loss: 1.1157151460647583
04-11 18:00 INFO      ** Client: 11 Training complete **
04-11 18:00 INFO     Training network 12 n_training: 48
04-11 18:00 INFO     Training network 12
04-11 18:00 INFO     Client 12 has no data. Skipping training.
04-11 18:00 INFO     Training network 13 n_training: 453
04-11 18:00 INFO     Training network 13
04-11 18:00 INFO     Client: 13 Epoch: 0 Loss: 1.664877244404384
04-11 18:00 INFO     Client: 13 Epoch: 1 Loss: 0.9687137348311288
04-11 18:00 INFO     Client: 13 Epoch: 2 Loss: 0.9207645058631897
04-11 18:00 INFO     Client: 13 Epoch: 3 Loss: 0.8794467108590263
04-11 18:00 INFO     Client: 13 Epoch: 4 Loss: 0.8176802056176322
04-11 18:00 INFO      ** Client: 13 Training complete **
04-11 18:00 INFO     Training network 14 n_training: 354
04-11 18:00 INFO     Training network 14
04-11 18:00 INFO     Client: 14 Epoch: 0 Loss: 2.287683391571045
04-11 18:00 INFO     Client: 14 Epoch: 1 Loss: 1.0329720020294189
04-11 18:00 INFO     Client: 14 Epoch: 2 Loss: 0.8273682236671448
04-11 18:00 INFO     Client: 14 Epoch: 3 Loss: 0.8115014672279358
04-11 18:00 INFO     Client: 14 Epoch: 4 Loss: 0.7771377801895142
04-11 18:00 INFO      ** Client: 14 Training complete **
04-11 18:00 INFO     Training network 15 n_training: 213
04-11 18:00 INFO     Training network 15
04-11 18:00 INFO     Client: 15 Epoch: 0 Loss: 1.3683205048243205
04-11 18:00 INFO     Client: 15 Epoch: 1 Loss: 0.04540224140509963
04-11 18:00 INFO     Client: 15 Epoch: 2 Loss: 0.038423756564346455
04-11 18:00 INFO     Client: 15 Epoch: 3 Loss: 0.033147306220295526
04-11 18:00 INFO     Client: 15 Epoch: 4 Loss: 0.02469127617465953
04-11 18:00 INFO      ** Client: 15 Training complete **
04-11 18:00 INFO     Training network 16 n_training: 830
04-11 18:00 INFO     Training network 16
04-11 18:00 INFO     Client: 16 Epoch: 0 Loss: 0.17822630392523328
04-11 18:00 INFO     Client: 16 Epoch: 1 Loss: 8.276710013888078e-05
04-11 18:00 INFO     Client: 16 Epoch: 2 Loss: 2.947598720008197e-05
04-11 18:00 INFO     Client: 16 Epoch: 3 Loss: 2.361365856510626e-05
04-11 18:00 INFO     Client: 16 Epoch: 4 Loss: 2.359830477871583e-05
04-11 18:00 INFO      ** Client: 16 Training complete **
04-11 18:00 INFO     Training network 17 n_training: 543
04-11 18:00 INFO     Training network 17
04-11 18:00 INFO     Client: 17 Epoch: 0 Loss: 1.0378267541527748
04-11 18:00 INFO     Client: 17 Epoch: 1 Loss: 0.4946884959936142
04-11 18:00 INFO     Client: 17 Epoch: 2 Loss: 0.4339880608022213
04-11 18:00 INFO     Client: 17 Epoch: 3 Loss: 0.40196195244789124
04-11 18:00 INFO     Client: 17 Epoch: 4 Loss: 0.34925890527665615
04-11 18:00 INFO      ** Client: 17 Training complete **
04-11 18:00 INFO     Training network 18 n_training: 526
04-11 18:00 INFO     Training network 18
04-11 18:00 INFO     Client: 18 Epoch: 0 Loss: 1.4304063320159912
04-11 18:00 INFO     Client: 18 Epoch: 1 Loss: 0.6782031208276749
04-11 18:00 INFO     Client: 18 Epoch: 2 Loss: 0.5333264879882336
04-11 18:00 INFO     Client: 18 Epoch: 3 Loss: 0.41906871646642685
04-11 18:00 INFO     Client: 18 Epoch: 4 Loss: 0.40902600064873695
04-11 18:00 INFO      ** Client: 18 Training complete **
04-11 18:00 INFO     Training network 19 n_training: 524
04-11 18:00 INFO     Training network 19
04-11 18:00 INFO     Client: 19 Epoch: 0 Loss: 1.7239964753389359
04-11 18:00 INFO     Client: 19 Epoch: 1 Loss: 1.0132556408643723
04-11 18:00 INFO     Client: 19 Epoch: 2 Loss: 0.9551253095269203
04-11 18:00 INFO     Client: 19 Epoch: 3 Loss: 0.9390865936875343
04-11 18:00 INFO     Client: 19 Epoch: 4 Loss: 0.8857955783605576
04-11 18:00 INFO      ** Client: 19 Training complete **
04-11 18:00 INFO     Training network 20 n_training: 37
04-11 18:00 INFO     Training network 20
04-11 18:00 INFO     Client 20 has no data. Skipping training.
04-11 18:00 INFO     Training network 21 n_training: 277
04-11 18:00 INFO     Training network 21
04-11 18:00 INFO     Client: 21 Epoch: 0 Loss: 1.8315635472536087
04-11 18:00 INFO     Client: 21 Epoch: 1 Loss: 0.6218287646770477
04-11 18:00 INFO     Client: 21 Epoch: 2 Loss: 0.4559335485100746
04-11 18:00 INFO     Client: 21 Epoch: 3 Loss: 0.45424359291791916
04-11 18:00 INFO     Client: 21 Epoch: 4 Loss: 0.3916357010602951
04-11 18:00 INFO      ** Client: 21 Training complete **
04-11 18:00 INFO     Training network 22 n_training: 718
04-11 18:00 INFO     Training network 22
04-11 18:00 INFO     Client: 22 Epoch: 0 Loss: 1.3029230128635059
04-11 18:00 INFO     Client: 22 Epoch: 1 Loss: 0.8675396279855208
04-11 18:00 INFO     Client: 22 Epoch: 2 Loss: 0.785374104976654
04-11 18:00 INFO     Client: 22 Epoch: 3 Loss: 0.7529518712650646
04-11 18:00 INFO     Client: 22 Epoch: 4 Loss: 0.73122484033758
04-11 18:00 INFO      ** Client: 22 Training complete **
04-11 18:00 INFO     Training network 23 n_training: 70
04-11 18:00 INFO     Training network 23
04-11 18:00 INFO     Client: 23 Epoch: 0 Loss: 2.491000175476074
04-11 18:00 INFO     Client: 23 Epoch: 1 Loss: 2.350456714630127
04-11 18:00 INFO     Client: 23 Epoch: 2 Loss: 2.299987554550171
04-11 18:00 INFO     Client: 23 Epoch: 3 Loss: 1.663360357284546
04-11 18:00 INFO     Client: 23 Epoch: 4 Loss: 1.2715873718261719
04-11 18:00 INFO      ** Client: 23 Training complete **
04-11 18:00 INFO     Training network 24 n_training: 1084
04-11 18:00 INFO     Training network 24
04-11 18:00 INFO     Client: 24 Epoch: 0 Loss: 0.43964246567338705
04-11 18:00 INFO     Client: 24 Epoch: 1 Loss: 0.0887719327583909
04-11 18:00 INFO     Client: 24 Epoch: 2 Loss: 0.09581863696803339
04-11 18:00 INFO     Client: 24 Epoch: 3 Loss: 0.06719484209315851
04-11 18:00 INFO     Client: 24 Epoch: 4 Loss: 0.08762276789639145
04-11 18:00 INFO      ** Client: 24 Training complete **
04-11 18:00 INFO     Training network 25 n_training: 484
04-11 18:00 INFO     Training network 25
04-11 18:00 INFO     Client: 25 Epoch: 0 Loss: 1.660921505519322
04-11 18:00 INFO     Client: 25 Epoch: 1 Loss: 0.6713583384241376
04-11 18:00 INFO     Client: 25 Epoch: 2 Loss: 0.6371206981795174
04-11 18:00 INFO     Client: 25 Epoch: 3 Loss: 0.6175037452152797
04-11 18:00 INFO     Client: 25 Epoch: 4 Loss: 0.6178399579865592
04-11 18:00 INFO      ** Client: 25 Training complete **
04-11 18:00 INFO     Training network 26 n_training: 72
04-11 18:00 INFO     Training network 26
04-11 18:00 INFO     Client: 26 Epoch: 0 Loss: 2.5231544971466064
04-11 18:00 INFO     Client: 26 Epoch: 1 Loss: 1.964120864868164
04-11 18:00 INFO     Client: 26 Epoch: 2 Loss: 1.5314223766326904
04-11 18:00 INFO     Client: 26 Epoch: 3 Loss: 0.5723759531974792
04-11 18:00 INFO     Client: 26 Epoch: 4 Loss: 0.5397842526435852
04-11 18:00 INFO      ** Client: 26 Training complete **
04-11 18:00 INFO     Training network 27 n_training: 269
04-11 18:00 INFO     Training network 27
04-11 18:00 INFO     Client: 27 Epoch: 0 Loss: 1.3806841149926186
04-11 18:00 INFO     Client: 27 Epoch: 1 Loss: 0.5775046497583389
04-11 18:00 INFO     Client: 27 Epoch: 2 Loss: 0.4697749987244606
04-11 18:00 INFO     Client: 27 Epoch: 3 Loss: 0.46379454433918
04-11 18:00 INFO     Client: 27 Epoch: 4 Loss: 0.3585903197526932
04-11 18:00 INFO      ** Client: 27 Training complete **
04-11 18:00 INFO     Training network 28 n_training: 951
04-11 18:00 INFO     Training network 28
04-11 18:00 INFO     Client: 28 Epoch: 0 Loss: 1.4860017469951086
04-11 18:00 INFO     Client: 28 Epoch: 1 Loss: 0.9293945729732513
04-11 18:00 INFO     Client: 28 Epoch: 2 Loss: 0.8570869990757534
04-11 18:00 INFO     Client: 28 Epoch: 3 Loss: 0.8130905457905361
04-11 18:00 INFO     Client: 28 Epoch: 4 Loss: 0.797455757856369
04-11 18:00 INFO      ** Client: 28 Training complete **
04-11 18:00 INFO     Training network 29 n_training: 845
04-11 18:00 INFO     Training network 29
04-11 18:00 INFO     Client: 29 Epoch: 0 Loss: 0.34810288641109277
04-11 18:00 INFO     Client: 29 Epoch: 1 Loss: 0.00010237950426436818
04-11 18:00 INFO     Client: 29 Epoch: 2 Loss: 3.4512914750778764e-05
04-11 18:00 INFO     Client: 29 Epoch: 3 Loss: 2.7720256044771166e-05
04-11 18:00 INFO     Client: 29 Epoch: 4 Loss: 2.7371689261949192e-05
04-11 18:00 INFO      ** Client: 29 Training complete **
04-11 18:00 INFO     Training network 30 n_training: 257
04-11 18:00 INFO     Training network 30
04-11 18:00 INFO     Client: 30 Epoch: 0 Loss: 1.5452207028865814
04-11 18:00 INFO     Client: 30 Epoch: 1 Loss: 0.9095140993595123
04-11 18:00 INFO     Client: 30 Epoch: 2 Loss: 0.7245263159275055
04-11 18:00 INFO     Client: 30 Epoch: 3 Loss: 0.66030602902174
04-11 18:00 INFO     Client: 30 Epoch: 4 Loss: 0.6297014579176903
04-11 18:00 INFO      ** Client: 30 Training complete **
04-11 18:00 INFO     Training network 31 n_training: 211
04-11 18:00 INFO     Training network 31
04-11 18:00 INFO     Client: 31 Epoch: 0 Loss: 1.6793250441551208
04-11 18:00 INFO     Client: 31 Epoch: 1 Loss: 1.1780123710632324
04-11 18:00 INFO     Client: 31 Epoch: 2 Loss: 0.5857667624950409
04-11 18:00 INFO     Client: 31 Epoch: 3 Loss: 0.4968835711479187
04-11 18:00 INFO     Client: 31 Epoch: 4 Loss: 0.47204844156901044
04-11 18:00 INFO      ** Client: 31 Training complete **
04-11 18:00 INFO     Training network 32 n_training: 257
04-11 18:00 INFO     Training network 32
04-11 18:00 INFO     Client: 32 Epoch: 0 Loss: 1.6904245913028717
04-11 18:00 INFO     Client: 32 Epoch: 1 Loss: 0.8693828284740448
04-11 18:00 INFO     Client: 32 Epoch: 2 Loss: 0.5881644636392593
04-11 18:00 INFO     Client: 32 Epoch: 3 Loss: 0.540184460580349
04-11 18:00 INFO     Client: 32 Epoch: 4 Loss: 0.4046175926923752
04-11 18:00 INFO      ** Client: 32 Training complete **
04-11 18:00 INFO     Training network 33 n_training: 546
04-11 18:00 INFO     Training network 33
04-11 18:00 INFO     Client: 33 Epoch: 0 Loss: 1.7167076170444489
04-11 18:00 INFO     Client: 33 Epoch: 1 Loss: 1.0388620346784592
04-11 18:00 INFO     Client: 33 Epoch: 2 Loss: 0.9653473347425461
04-11 18:00 INFO     Client: 33 Epoch: 3 Loss: 0.8550087958574295
04-11 18:00 INFO     Client: 33 Epoch: 4 Loss: 0.8560115471482277
04-11 18:00 INFO      ** Client: 33 Training complete **
04-11 18:00 INFO     Training network 34 n_training: 1363
04-11 18:00 INFO     Training network 34
04-11 18:00 INFO     Client: 34 Epoch: 0 Loss: 0.9799402668362572
04-11 18:00 INFO     Client: 34 Epoch: 1 Loss: 0.6093219901834216
04-11 18:00 INFO     Client: 34 Epoch: 2 Loss: 0.5466490785280863
04-11 18:00 INFO     Client: 34 Epoch: 3 Loss: 0.5237578863189334
04-11 18:00 INFO     Client: 34 Epoch: 4 Loss: 0.506204632066545
04-11 18:00 INFO      ** Client: 34 Training complete **
04-11 18:00 INFO     Training network 35 n_training: 263
04-11 18:00 INFO     Training network 35
04-11 18:00 INFO     Client: 35 Epoch: 0 Loss: 0.9952258467674255
04-11 18:00 INFO     Client: 35 Epoch: 1 Loss: 0.46864569187164307
04-11 18:00 INFO     Client: 35 Epoch: 2 Loss: 0.35837022587656975
04-11 18:00 INFO     Client: 35 Epoch: 3 Loss: 0.3204280473291874
04-11 18:00 INFO     Client: 35 Epoch: 4 Loss: 0.32358257099986076
04-11 18:00 INFO      ** Client: 35 Training complete **
04-11 18:00 INFO     Training network 36 n_training: 979
04-11 18:00 INFO     Training network 36
04-11 18:00 INFO     Client: 36 Epoch: 0 Loss: 0.8852416629592578
04-11 18:00 INFO     Client: 36 Epoch: 1 Loss: 0.41481229960918425
04-11 18:00 INFO     Client: 36 Epoch: 2 Loss: 0.36828547418117524
04-11 18:00 INFO     Client: 36 Epoch: 3 Loss: 0.3430098275343577
04-11 18:00 INFO     Client: 36 Epoch: 4 Loss: 0.35821454524993895
04-11 18:00 INFO      ** Client: 36 Training complete **
04-11 18:00 INFO     Training network 37 n_training: 139
04-11 18:00 INFO     Training network 37
04-11 18:00 INFO     Client: 37 Epoch: 0 Loss: 2.5386135578155518
04-11 18:00 INFO     Client: 37 Epoch: 1 Loss: 2.8758636713027954
04-11 18:00 INFO     Client: 37 Epoch: 2 Loss: 2.053563117980957
04-11 18:00 INFO     Client: 37 Epoch: 3 Loss: 1.7701711654663086
04-11 18:00 INFO     Client: 37 Epoch: 4 Loss: 1.5523419976234436
04-11 18:00 INFO      ** Client: 37 Training complete **
04-11 18:00 INFO     Training network 38 n_training: 239
04-11 18:00 INFO     Training network 38
04-11 18:00 INFO     Client: 38 Epoch: 0 Loss: 2.2387928565343223
04-11 18:00 INFO     Client: 38 Epoch: 1 Loss: 0.43123432993888855
04-11 18:00 INFO     Client: 38 Epoch: 2 Loss: 0.2780873328447342
04-11 18:00 INFO     Client: 38 Epoch: 3 Loss: 0.15780088802178702
04-11 18:00 INFO     Client: 38 Epoch: 4 Loss: 0.0952960525949796
04-11 18:00 INFO      ** Client: 38 Training complete **
04-11 18:00 INFO     Training network 39 n_training: 1283
04-11 18:00 INFO     Training network 39
04-11 18:00 INFO     Client: 39 Epoch: 0 Loss: 0.8298023238778114
04-11 18:00 INFO     Client: 39 Epoch: 1 Loss: 0.2664302811026573
04-11 18:00 INFO     Client: 39 Epoch: 2 Loss: 0.2693794645369053
04-11 18:00 INFO     Client: 39 Epoch: 3 Loss: 0.2360527701675892
04-11 18:00 INFO     Client: 39 Epoch: 4 Loss: 0.18547166045755148
04-11 18:00 INFO      ** Client: 39 Training complete **
04-11 18:00 INFO     Training network 40 n_training: 337
04-11 18:00 INFO     Training network 40
04-11 18:00 INFO     Client: 40 Epoch: 0 Loss: 2.34618399143219
04-11 18:00 INFO     Client: 40 Epoch: 1 Loss: 0.7772851467132569
04-11 18:00 INFO     Client: 40 Epoch: 2 Loss: 0.7348274350166321
04-11 18:00 INFO     Client: 40 Epoch: 3 Loss: 0.5724057674407959
04-11 18:00 INFO     Client: 40 Epoch: 4 Loss: 0.5291473925113678
04-11 18:00 INFO      ** Client: 40 Training complete **
04-11 18:00 INFO     Training network 41 n_training: 502
04-11 18:00 INFO     Training network 41
04-11 18:00 INFO     Client: 41 Epoch: 0 Loss: 0.30302955745719373
04-11 18:00 INFO     Client: 41 Epoch: 1 Loss: 0.00040245071951566
04-11 18:01 INFO     Client: 41 Epoch: 2 Loss: 8.390888667366068e-05
04-11 18:01 INFO     Client: 41 Epoch: 3 Loss: 4.132416090994541e-05
04-11 18:01 INFO     Client: 41 Epoch: 4 Loss: 2.9480115699698217e-05
04-11 18:01 INFO      ** Client: 41 Training complete **
04-11 18:01 INFO     Training network 42 n_training: 147
04-11 18:01 INFO     Training network 42
04-11 18:01 INFO     Client: 42 Epoch: 0 Loss: 2.2546591758728027
04-11 18:01 INFO     Client: 42 Epoch: 1 Loss: 2.7071122527122498
04-11 18:01 INFO     Client: 42 Epoch: 2 Loss: 1.1854717135429382
04-11 18:01 INFO     Client: 42 Epoch: 3 Loss: 0.9603530466556549
04-11 18:01 INFO     Client: 42 Epoch: 4 Loss: 0.932650625705719
04-11 18:01 INFO      ** Client: 42 Training complete **
04-11 18:01 INFO     Training network 43 n_training: 372
04-11 18:01 INFO     Training network 43
04-11 18:01 INFO     Client: 43 Epoch: 0 Loss: 1.609639859199524
04-11 18:01 INFO     Client: 43 Epoch: 1 Loss: 0.8977407097816468
04-11 18:01 INFO     Client: 43 Epoch: 2 Loss: 0.721271812915802
04-11 18:01 INFO     Client: 43 Epoch: 3 Loss: 0.6169765710830688
04-11 18:01 INFO     Client: 43 Epoch: 4 Loss: 0.6034421503543854
04-11 18:01 INFO      ** Client: 43 Training complete **
04-11 18:01 INFO     Training network 44 n_training: 668
04-11 18:01 INFO     Training network 44
04-11 18:01 INFO     Client: 44 Epoch: 0 Loss: 1.9226251721382142
04-11 18:01 INFO     Client: 44 Epoch: 1 Loss: 1.2499077081680299
04-11 18:01 INFO     Client: 44 Epoch: 2 Loss: 1.1688243865966796
04-11 18:01 INFO     Client: 44 Epoch: 3 Loss: 1.097686266899109
04-11 18:01 INFO     Client: 44 Epoch: 4 Loss: 1.0810991525650024
04-11 18:01 INFO      ** Client: 44 Training complete **
04-11 18:01 INFO     Training network 45 n_training: 122
04-11 18:01 INFO     Training network 45
04-11 18:01 INFO     Client: 45 Epoch: 0 Loss: 2.380772590637207
04-11 18:01 INFO     Client: 45 Epoch: 1 Loss: 2.1332883834838867
04-11 18:01 INFO     Client: 45 Epoch: 2 Loss: 2.132676839828491
04-11 18:01 INFO     Client: 45 Epoch: 3 Loss: 0.9011972546577454
04-11 18:01 INFO     Client: 45 Epoch: 4 Loss: 1.1288626194000244
04-11 18:01 INFO      ** Client: 45 Training complete **
04-11 18:01 INFO     Training network 46 n_training: 530
04-11 18:01 INFO     Training network 46
04-11 18:01 INFO     Client: 46 Epoch: 0 Loss: 1.9475241005420685
04-11 18:01 INFO     Client: 46 Epoch: 1 Loss: 1.0993754640221596
04-11 18:01 INFO     Client: 46 Epoch: 2 Loss: 0.9277973920106888
04-11 18:01 INFO     Client: 46 Epoch: 3 Loss: 0.852692998945713
04-11 18:01 INFO     Client: 46 Epoch: 4 Loss: 0.8146900609135628
04-11 18:01 INFO      ** Client: 46 Training complete **
04-11 18:01 INFO     Training network 47 n_training: 689
04-11 18:01 INFO     Training network 47
04-11 18:01 INFO     Client: 47 Epoch: 0 Loss: 0.21337234389502555
04-11 18:01 INFO     Client: 47 Epoch: 1 Loss: 0.0001443495122657623
04-11 18:01 INFO     Client: 47 Epoch: 2 Loss: 4.0269403325510214e-05
04-11 18:01 INFO     Client: 47 Epoch: 3 Loss: 2.697161089599831e-05
04-11 18:01 INFO     Client: 47 Epoch: 4 Loss: 2.4572792972321623e-05
04-11 18:01 INFO      ** Client: 47 Training complete **
04-11 18:01 INFO     Training network 48 n_training: 309
04-11 18:01 INFO     Training network 48
04-11 18:01 INFO     Client: 48 Epoch: 0 Loss: 1.7537938952445984
04-11 18:01 INFO     Client: 48 Epoch: 1 Loss: 0.9645007699728012
04-11 18:01 INFO     Client: 48 Epoch: 2 Loss: 0.7759545743465424
04-11 18:01 INFO     Client: 48 Epoch: 3 Loss: 0.644845575094223
04-11 18:01 INFO     Client: 48 Epoch: 4 Loss: 0.6618248298764229
04-11 18:01 INFO      ** Client: 48 Training complete **
04-11 18:01 INFO     Training network 49 n_training: 695
04-11 18:01 INFO     Training network 49
04-11 18:01 INFO     Client: 49 Epoch: 0 Loss: 1.3788382053375243
04-11 18:01 INFO     Client: 49 Epoch: 1 Loss: 0.6881347894668579
04-11 18:01 INFO     Client: 49 Epoch: 2 Loss: 0.5066357553005219
04-11 18:01 INFO     Client: 49 Epoch: 3 Loss: 0.43841905891895294
04-11 18:01 INFO     Client: 49 Epoch: 4 Loss: 0.4722601294517517
04-11 18:01 INFO      ** Client: 49 Training complete **
04-11 18:01 INFO     Training network 50 n_training: 118
04-11 18:01 INFO     Training network 50
04-11 18:01 INFO     Client: 50 Epoch: 0 Loss: 2.450316905975342
04-11 18:01 INFO     Client: 50 Epoch: 1 Loss: 1.475151777267456
04-11 18:01 INFO     Client: 50 Epoch: 2 Loss: 1.2740974426269531
04-11 18:01 INFO     Client: 50 Epoch: 3 Loss: 0.7647615075111389
04-11 18:01 INFO     Client: 50 Epoch: 4 Loss: 0.5734021067619324
04-11 18:01 INFO      ** Client: 50 Training complete **
04-11 18:01 INFO     Training network 51 n_training: 762
04-11 18:01 INFO     Training network 51
04-11 18:01 INFO     Client: 51 Epoch: 0 Loss: 1.7246097976511174
04-11 18:01 INFO     Client: 51 Epoch: 1 Loss: 1.2097068483179265
04-11 18:01 INFO     Client: 51 Epoch: 2 Loss: 1.1277392831715671
04-11 18:01 INFO     Client: 51 Epoch: 3 Loss: 1.0534652200612156
04-11 18:01 INFO     Client: 51 Epoch: 4 Loss: 0.9999180923808705
04-11 18:01 INFO      ** Client: 51 Training complete **
04-11 18:01 INFO     Training network 52 n_training: 1078
04-11 18:01 INFO     Training network 52
04-11 18:01 INFO     Client: 52 Epoch: 0 Loss: 0.7366326954215765
04-11 18:01 INFO     Client: 52 Epoch: 1 Loss: 0.3632690291851759
04-11 18:01 INFO     Client: 52 Epoch: 2 Loss: 0.29110709857195616
04-11 18:01 INFO     Client: 52 Epoch: 3 Loss: 0.29464165680110455
04-11 18:01 INFO     Client: 52 Epoch: 4 Loss: 0.27176858112215996
04-11 18:01 INFO      ** Client: 52 Training complete **
04-11 18:01 INFO     Training network 53 n_training: 262
04-11 18:01 INFO     Training network 53
04-11 18:01 INFO     Client: 53 Epoch: 0 Loss: 2.552053540945053
04-11 18:01 INFO     Client: 53 Epoch: 1 Loss: 1.2143277525901794
04-11 18:01 INFO     Client: 53 Epoch: 2 Loss: 0.8235619366168976
04-11 18:01 INFO     Client: 53 Epoch: 3 Loss: 0.8030418008565903
04-11 18:01 INFO     Client: 53 Epoch: 4 Loss: 0.7819859832525253
04-11 18:01 INFO      ** Client: 53 Training complete **
04-11 18:01 INFO     Training network 54 n_training: 323
04-11 18:01 INFO     Training network 54
04-11 18:01 INFO     Client: 54 Epoch: 0 Loss: 2.245990681648254
04-11 18:01 INFO     Client: 54 Epoch: 1 Loss: 1.0892633318901062
04-11 18:01 INFO     Client: 54 Epoch: 2 Loss: 0.9474806427955628
04-11 18:01 INFO     Client: 54 Epoch: 3 Loss: 0.9007047772407532
04-11 18:01 INFO     Client: 54 Epoch: 4 Loss: 0.8823248624801636
04-11 18:01 INFO      ** Client: 54 Training complete **
04-11 18:01 INFO     Training network 55 n_training: 2015
04-11 18:01 INFO     Training network 55
04-11 18:01 INFO     Client: 55 Epoch: 0 Loss: 0.15775833613964008
04-11 18:01 INFO     Client: 55 Epoch: 1 Loss: 0.00839610718990556
04-11 18:01 INFO     Client: 55 Epoch: 2 Loss: 0.006774933757110228
04-11 18:01 INFO     Client: 55 Epoch: 3 Loss: 0.008439518423279703
04-11 18:01 INFO     Client: 55 Epoch: 4 Loss: 0.010365701170690779
04-11 18:01 INFO      ** Client: 55 Training complete **
04-11 18:01 INFO     Training network 56 n_training: 876
04-11 18:01 INFO     Training network 56
04-11 18:01 INFO     Client: 56 Epoch: 0 Loss: 0.3129164088123406
04-11 18:01 INFO     Client: 56 Epoch: 1 Loss: 0.09257633697528106
04-11 18:01 INFO     Client: 56 Epoch: 2 Loss: 0.0741740159260539
04-11 18:01 INFO     Client: 56 Epoch: 3 Loss: 0.07709030957462695
04-11 18:01 INFO     Client: 56 Epoch: 4 Loss: 0.07807916789673842
04-11 18:01 INFO      ** Client: 56 Training complete **
04-11 18:01 INFO     Training network 57 n_training: 655
04-11 18:01 INFO     Training network 57
04-11 18:01 INFO     Client: 57 Epoch: 0 Loss: 1.545107614994049
04-11 18:01 INFO     Client: 57 Epoch: 1 Loss: 0.8498088836669921
04-11 18:01 INFO     Client: 57 Epoch: 2 Loss: 0.7104063808918
04-11 18:01 INFO     Client: 57 Epoch: 3 Loss: 0.670268040895462
04-11 18:01 INFO     Client: 57 Epoch: 4 Loss: 0.6012951076030731
04-11 18:01 INFO      ** Client: 57 Training complete **
04-11 18:01 INFO     Training network 58 n_training: 787
04-11 18:01 INFO     Training network 58
04-11 18:01 INFO     Client: 58 Epoch: 0 Loss: 0.36286368835135363
04-11 18:01 INFO     Client: 58 Epoch: 1 Loss: 0.02457561943932281
04-11 18:01 INFO     Client: 58 Epoch: 2 Loss: 0.015081676390157858
04-11 18:01 INFO     Client: 58 Epoch: 3 Loss: 0.022311289377588157
04-11 18:01 INFO     Client: 58 Epoch: 4 Loss: 0.018909839030432824
04-11 18:01 INFO      ** Client: 58 Training complete **
04-11 18:01 INFO     Training network 59 n_training: 131
04-11 18:01 INFO     Training network 59
04-11 18:01 INFO     Client: 59 Epoch: 0 Loss: 1.8714708089828491
04-11 18:01 INFO     Client: 59 Epoch: 1 Loss: 0.8420646339654922
04-11 18:01 INFO     Client: 59 Epoch: 2 Loss: 0.5236109495162964
04-11 18:01 INFO     Client: 59 Epoch: 3 Loss: 0.4570007622241974
04-11 18:01 INFO     Client: 59 Epoch: 4 Loss: 0.3794313073158264
04-11 18:01 INFO      ** Client: 59 Training complete **
04-11 18:01 INFO     Training network 60 n_training: 15
04-11 18:01 INFO     Training network 60
04-11 18:01 INFO     Client 60 has no data. Skipping training.
04-11 18:01 INFO     Training network 61 n_training: 711
04-11 18:01 INFO     Training network 61
04-11 18:01 INFO     Client: 61 Epoch: 0 Loss: 1.372988592494618
04-11 18:01 INFO     Client: 61 Epoch: 1 Loss: 0.759729878468947
04-11 18:01 INFO     Client: 61 Epoch: 2 Loss: 0.7015519684011285
04-11 18:01 INFO     Client: 61 Epoch: 3 Loss: 0.6441872390833768
04-11 18:01 INFO     Client: 61 Epoch: 4 Loss: 0.5882839858531952
04-11 18:01 INFO      ** Client: 61 Training complete **
04-11 18:01 INFO     Training network 62 n_training: 359
04-11 18:01 INFO     Training network 62
04-11 18:01 INFO     Client: 62 Epoch: 0 Loss: 1.0740274474024774
04-11 18:01 INFO     Client: 62 Epoch: 1 Loss: 0.15361073026433586
04-11 18:01 INFO     Client: 62 Epoch: 2 Loss: 0.10300176534801722
04-11 18:01 INFO     Client: 62 Epoch: 3 Loss: 0.05798949934542179
04-11 18:01 INFO     Client: 62 Epoch: 4 Loss: 0.03665585936978459
04-11 18:01 INFO      ** Client: 62 Training complete **
04-11 18:01 INFO     Training network 63 n_training: 582
04-11 18:01 INFO     Training network 63
04-11 18:01 INFO     Client: 63 Epoch: 0 Loss: 1.5888438158565097
04-11 18:01 INFO     Client: 63 Epoch: 1 Loss: 0.972652534643809
04-11 18:01 INFO     Client: 63 Epoch: 2 Loss: 0.9223758909437392
04-11 18:01 INFO     Client: 63 Epoch: 3 Loss: 0.9281450576252408
04-11 18:01 INFO     Client: 63 Epoch: 4 Loss: 0.9062329530715942
04-11 18:01 INFO      ** Client: 63 Training complete **
04-11 18:01 INFO     Training network 64 n_training: 299
04-11 18:01 INFO     Training network 64
04-11 18:01 INFO     Client: 64 Epoch: 0 Loss: 2.271633893251419
04-11 18:01 INFO     Client: 64 Epoch: 1 Loss: 0.7435873746871948
04-11 18:01 INFO     Client: 64 Epoch: 2 Loss: 0.6568821221590042
04-11 18:01 INFO     Client: 64 Epoch: 3 Loss: 0.5243610963225365
04-11 18:01 INFO     Client: 64 Epoch: 4 Loss: 0.5782501175999641
04-11 18:01 INFO      ** Client: 64 Training complete **
04-11 18:01 INFO     Training network 65 n_training: 356
04-11 18:01 INFO     Training network 65
04-11 18:01 INFO     Client: 65 Epoch: 0 Loss: 1.7686816215515138
04-11 18:01 INFO     Client: 65 Epoch: 1 Loss: 0.7884652733802795
04-11 18:01 INFO     Client: 65 Epoch: 2 Loss: 0.6875145435333252
04-11 18:01 INFO     Client: 65 Epoch: 3 Loss: 0.6117818355560303
04-11 18:01 INFO     Client: 65 Epoch: 4 Loss: 0.5951860904693603
04-11 18:01 INFO      ** Client: 65 Training complete **
04-11 18:01 INFO     Training network 66 n_training: 352
04-11 18:01 INFO     Training network 66
04-11 18:01 INFO     Client: 66 Epoch: 0 Loss: 2.3357070684432983
04-11 18:01 INFO     Client: 66 Epoch: 1 Loss: 1.5776438951492309
04-11 18:01 INFO     Client: 66 Epoch: 2 Loss: 1.2645311117172242
04-11 18:01 INFO     Client: 66 Epoch: 3 Loss: 1.2545598983764648
04-11 18:01 INFO     Client: 66 Epoch: 4 Loss: 1.1246087312698365
04-11 18:01 INFO      ** Client: 66 Training complete **
04-11 18:01 INFO     Training network 67 n_training: 543
04-11 18:01 INFO     Training network 67
04-11 18:01 INFO     Client: 67 Epoch: 0 Loss: 1.178847722709179
04-11 18:01 INFO     Client: 67 Epoch: 1 Loss: 0.4273934829980135
04-11 18:01 INFO     Client: 67 Epoch: 2 Loss: 0.38600434362888336
04-11 18:01 INFO     Client: 67 Epoch: 3 Loss: 0.37020223774015903
04-11 18:01 INFO     Client: 67 Epoch: 4 Loss: 0.3386416304856539
04-11 18:01 INFO      ** Client: 67 Training complete **
04-11 18:01 INFO     Training network 68 n_training: 993
04-11 18:01 INFO     Training network 68
04-11 18:01 INFO     Client: 68 Epoch: 0 Loss: 0.2492409611470066
04-11 18:01 INFO     Client: 68 Epoch: 1 Loss: 0.010958243073158276
04-11 18:01 INFO     Client: 68 Epoch: 2 Loss: 0.008838778675999493
04-11 18:01 INFO     Client: 68 Epoch: 3 Loss: 0.007050007766035075
04-11 18:01 INFO     Client: 68 Epoch: 4 Loss: 0.008083733007273016
04-11 18:01 INFO      ** Client: 68 Training complete **
04-11 18:01 INFO     Training network 69 n_training: 584
04-11 18:01 INFO     Training network 69
04-11 18:01 INFO     Client: 69 Epoch: 0 Loss: 1.5712045828501384
04-11 18:02 INFO     Client: 69 Epoch: 1 Loss: 0.7952283620834351
04-11 18:02 INFO     Client: 69 Epoch: 2 Loss: 0.6344736284679837
04-11 18:02 INFO     Client: 69 Epoch: 3 Loss: 0.580602291557524
04-11 18:02 INFO     Client: 69 Epoch: 4 Loss: 0.5298958453867171
04-11 18:02 INFO      ** Client: 69 Training complete **
04-11 18:02 INFO     Training network 70 n_training: 90
04-11 18:02 INFO     Training network 70
04-11 18:02 INFO     Client: 70 Epoch: 0 Loss: 2.252747058868408
04-11 18:02 INFO     Client: 70 Epoch: 1 Loss: 2.4618332386016846
04-11 18:02 INFO     Client: 70 Epoch: 2 Loss: 0.711546778678894
04-11 18:02 INFO     Client: 70 Epoch: 3 Loss: 1.0581814050674438
04-11 18:02 INFO     Client: 70 Epoch: 4 Loss: 0.47732439637184143
04-11 18:02 INFO      ** Client: 70 Training complete **
04-11 18:02 INFO     Training network 71 n_training: 159
04-11 18:02 INFO     Training network 71
04-11 18:02 INFO     Client: 71 Epoch: 0 Loss: 2.312739610671997
04-11 18:02 INFO     Client: 71 Epoch: 1 Loss: 0.4931664913892746
04-11 18:02 INFO     Client: 71 Epoch: 2 Loss: 0.44217002391815186
04-11 18:02 INFO     Client: 71 Epoch: 3 Loss: 0.3142550587654114
04-11 18:02 INFO     Client: 71 Epoch: 4 Loss: 0.2222626581788063
04-11 18:02 INFO      ** Client: 71 Training complete **
04-11 18:02 INFO     Training network 72 n_training: 206
04-11 18:02 INFO     Training network 72
04-11 18:02 INFO     Client: 72 Epoch: 0 Loss: 1.7746892770131428
04-11 18:02 INFO     Client: 72 Epoch: 1 Loss: 0.2049256513516108
04-11 18:02 INFO     Client: 72 Epoch: 2 Loss: 0.17771391570568085
04-11 18:02 INFO     Client: 72 Epoch: 3 Loss: 0.25860239068667096
04-11 18:02 INFO     Client: 72 Epoch: 4 Loss: 0.16083728646238646
04-11 18:02 INFO      ** Client: 72 Training complete **
04-11 18:02 INFO     Training network 73 n_training: 117
04-11 18:02 INFO     Training network 73
04-11 18:02 INFO     Client: 73 Epoch: 0 Loss: 2.5103836059570312
04-11 18:02 INFO     Client: 73 Epoch: 1 Loss: 3.1139469146728516
04-11 18:02 INFO     Client: 73 Epoch: 2 Loss: 2.035583257675171
04-11 18:02 INFO     Client: 73 Epoch: 3 Loss: 1.9103214740753174
04-11 18:02 INFO     Client: 73 Epoch: 4 Loss: 1.2613543272018433
04-11 18:02 INFO      ** Client: 73 Training complete **
04-11 18:02 INFO     Training network 74 n_training: 309
04-11 18:02 INFO     Training network 74
04-11 18:02 INFO     Client: 74 Epoch: 0 Loss: 1.39877550303936
04-11 18:02 INFO     Client: 74 Epoch: 1 Loss: 0.4987570196390152
04-11 18:02 INFO     Client: 74 Epoch: 2 Loss: 0.3971249833703041
04-11 18:02 INFO     Client: 74 Epoch: 3 Loss: 0.4191271737217903
04-11 18:02 INFO     Client: 74 Epoch: 4 Loss: 0.38807984441518784
04-11 18:02 INFO      ** Client: 74 Training complete **
04-11 18:02 INFO     Training network 75 n_training: 2441
04-11 18:02 INFO     Training network 75
04-11 18:02 INFO     Client: 75 Epoch: 0 Loss: 0.1608505705371499
04-11 18:02 INFO     Client: 75 Epoch: 1 Loss: 0.05548796646211198
04-11 18:02 INFO     Client: 75 Epoch: 2 Loss: 0.06081683535471951
04-11 18:02 INFO     Client: 75 Epoch: 3 Loss: 0.056306278124745736
04-11 18:02 INFO     Client: 75 Epoch: 4 Loss: 0.057734138846985604
04-11 18:02 INFO      ** Client: 75 Training complete **
04-11 18:02 INFO     Training network 76 n_training: 2848
04-11 18:02 INFO     Training network 76
04-11 18:02 INFO     Client: 76 Epoch: 0 Loss: 0.4064914391122081
